-126.17161263241172 310.356322721804
-92.53682963166978 190.19178846523891
-108.24327938535993 220.76421094515075
-110.9556680803579 238.41201922550698
-120.76435328533137 273.58313898193484
-123.4767419803294 291.2309472622911
-101.1294648324689 204.71846664823573
68.51156869006724 97.27873639943516
30.552737046093853 99.15489845394791
13.017105786184061 98.65691123680926
49.479598739333824 93.78411588922165
-116.60818002825641 254.49926245718353
13.017105786184061 98.65691123680926
-126.17161263241172 310.356322721804
89.00484124579305 100.8148558444102
256.8020831761109 207.49786976903403
169.69180929285994 129.6935064811148
205.0083244134976 151.37542142358484
246.36274842617655 189.4765710758238
235.9584497620734 174.41040674092676
130.07897657182275 115.27493063014333
264.33633075897586 226.91373777187783
169.69180929285994 129.6935064811148
150.6072852133798 121.76618443343159
222.66658197381642 162.21637889481985
279.1946094097188 248.01466762768598
150.6072852133798 121.76618443343159
256.8020831761109 207.49786976903403
130.07897657182275 115.27493063014333
285.320108516338 271.821738233238
109.51563184443455 105.82854246854185
279.1946094097188 248.01466762768598
130.07897657182275 115.27493063014333
246.36274842617655 189.4765710758238
169.69180929285994 129.6935064811148
-123.4767419803294 291.2309472622911
30.552737046093853 99.15489845394791
-120.76435328533137 273.58313898193484
89.00484124579305 100.8148558444102
-8.849879159956402 102.46712875285573
-105.7907533771787 427.6236160270768
-95.38645471307547 442.6897803619738
-118.04175159041705 380.0094748159727
68.51156869006724 97.27873639943516
-108.24327938535993 220.76421094515075
-116.60818002825641 254.49926245718353
-18.33011863561609 534.9793228981283
-113.3425190029592 406.7301808450764
-87.85220713021056 462.1056483648176
-30.108129690133865 527.2594955242528
-121.15705527247343 363.6732379757268
-83.96171247378635 174.18754310308555
-124.46505742660116 331.0837621647582
-18.33011863561609 534.9793228981283
286.8616962929091 401.8476499990201
-41.956212916313916 513.6293994337508
-118.04175159041705 380.0094748159727
-78.29168248297225 159.5778670505656
-95.38645471307547 442.6897803619738
-53.80429614249397 499.9993033432488
286.8616962929091 401.8476499990201
-64.17355872076604 487.888273366665
275.4165280537874 422.2015990291203
269.8516063204667 445.6766781565799
286.8616962929091 401.8476499990201
-30.108129690133865 527.2594955242528
287.95511999667434 370.86023817149277
-53.80429614249397 499.9993033432488
-83.96171247378635 174.18754310308555
-126.17161263241172 310.356322721804
68.51156869006724 97.27873639943516
-121.15705527247343 363.6732379757268
-78.97928324276216 471.22004504832665
-65.3151394671957 145.17568567185344
-113.3425190029592 406.7301808450764
49.479598739333824 93.78411588922165
-87.85220713021056 462.1056483648176
275.4165280537874 422.2015990291203
-41.956212916313916 513.6293994337508
-55.27871970431971 129.2129392444616
-105.7907533771787 427.6236160270768
68.51156869006724 97.27873639943516
279.1946094097188 248.01466762768598
-8.849879159956402 102.46712875285573
264.33633075897586 226.91373777187783
188.7938514152557 139.09839570795475
222.66658197381642 162.21637889481985
241.0810233364222 483.2634461194208
205.0083244134976 151.37542142358484
-92.53682963166978 190.19178846523891
-110.9556680803579 238.41201922550698
13.017105786184061 98.65691123680926
-120.76435328533137 273.58313898193484
188.7938514152557 139.09839570795475
-110.9556680803579 238.41201922550698
30.552737046093853 99.15489845394791
-126.17161263241172 310.356322721804
0.7368874009484898 541.4290777666549
-124.25484091161417 348.81456831463754
68.51156869006724 97.27873639943516
-113.3425190029592 406.7301808450764
33.02568905410766 554.1625917646621
-124.46505742660116 331.0837621647582
49.479598739333824 93.78411588922165
285.320108516338 271.821738233238
89.00484124579305 100.8148558444102
264.33633075897586 226.91373777187783
114.96374319118004 565.351935186249
256.8020831761109 207.49786976903403
279.1946094097188 248.01466762768598
30.552737046093853 99.15489845394791
-78.97928324276216 471.22004504832665
286.8616962929091 401.8476499990201
0.7368874009484898 541.4290777666549
-101.1294648324689 204.71846664823573
-78.29168248297225 159.5778670505656
-124.25484091161417 348.81456831463754
89.00484124579305 100.8148558444102
-118.04175159041705 380.0094748159727
-65.3151394671957 145.17568567185344
-53.80429614249397 499.9993033432488
275.4165280537874 422.2015990291203
259.79766851467514 460.1618574048151
188.7938514152557 139.09839570795475
109.51563184443455 105.82854246854185
264.33633075897586 226.91373777187783
246.36274842617655 189.4765710758238
-110.9556680803579 238.41201922550698
235.9584497620734 174.41040674092676
-83.96171247378635 174.18754310308555
264.33633075897586 226.91373777187783
129.54173315527368 562.8117901755513
256.8020831761109 207.49786976903403
-101.1294648324689 204.71846664823573
-64.17355872076604 487.888273366665
13.017105786184061 98.65691123680926
-124.46505742660116 331.0837621647582
68.51156869006724 97.27873639943516
-27.724186724449567 112.27061285505181
-95.38645471307547 442.6897803619738
49.479598739333824 93.78411588922165
-126.17161263241172 310.356322721804
33.02568905410766 554.1625917646621
279.1946094097188 248.01466762768598
-27.724186724449567 112.27061285505181
-41.956212916313916 513.6293994337508
287.95511999667434 370.86023817149277
-18.33011863561609 534.9793228981283
275.4165280537874 422.2015990291203
-78.97928324276216 471.22004504832665
-42.23210451688084 120.72102658237588
-30.108129690133865 527.2594955242528
290.6149545629256 348.7797283536667
-41.956212916313916 513.6293994337508
-78.29168248297225 159.5778670505656
0.7368874009484898 541.4290777666549
285.320108516338 271.821738233238
30.552737046093853 99.15489845394791
49.479598739333824 93.78411588922165
279.1946094097188 248.01466762768598
89.00484124579305 100.8148558444102
205.0083244134976 151.37542142358484
235.9584497620734 174.41040674092676
-8.849879159956402 102.46712875285573
-30.108129690133865 527.2594955242528
275.4165280537874 422.2015990291203
-95.38645471307547 442.6897803619738
180.37199955753007 537.6680436673868
-121.15705527247343 363.6732379757268
33.02568905410766 554.1625917646621
-55.27871970431971 129.2129392444616
279.1946094097188 248.01466762768598
13.017105786184061 98.65691123680926
-108.24327938535993 220.76421094515075
246.36274842617655 189.4765710758238
-92.53682963166978 190.19178846523891
-124.46505742660116 331.0837621647582
89.00484124579305 100.8148558444102
282.71282807883347 298.334949588534
0.7368874009484898 541.4290777666549
290.6149545629256 348.7797283536667
-53.80429614249397 499.9993033432488
30.552737046093853 99.15489845394791
-118.04175159041705 380.0094748159727
-105.7907533771787 427.6236160270768
-87.85220713021056 462.1056483648176
286.8616962929091 401.8476499990201
-95.38645471307547 442.6897803619738
68.51156869006724 97.27873639943516
-123.4767419803294 291.2309472622911
188.7938514152557 139.09839570795475
241.0810233364222 483.2634461194208
-53.80429614249397 499.9993033432488
-92.53682963166978 190.19178846523891
33.02568905410766 554.1625917646621
-123.4767419803294 291.2309472622911
150.6072852133798 121.76618443343159
264.33633075897586 226.91373777187783
145.54598963852868 557.358009741302
-121.15705527247343 363.6732379757268
-64.17355872076604 487.888273366665
269.8516063204667 445.6766781565799
150.6072852133798 121.76618443343159
109.51563184443455 105.82854246854185
256.8020831761109 207.49786976903403
188.7938514152557 139.09839570795475
-116.60818002825641 254.49926245718353
68.51156869006724 97.27873639943516
264.33633075897586 226.91373777187783
13.017105786184061 98.65691123680926
-8.849879159956402 102.46712875285573
285.320108516338 271.821738233238
-18.33011863561609 534.9793228981283
282.71282807883347 298.334949588534
130.07897657182275 115.27493063014333
-123.4767419803294 291.2309472622911
49.479598739333824 93.78411588922165
-105.7907533771787 427.6236160270768
210.79658361863844 516.3760136100302
-118.04175159041705 380.0094748159727
-27.724186724449567 112.27061285505181
-105.7907533771787 427.6236160270768
13.017105786184061 98.65691123680926
-87.85220713021056 462.1056483648176
210.79658361863844 516.3760136100302
235.9584497620734 174.41040674092676
233.89713661186886 493.39892169970926
-53.80429614249397 499.9993033432488
210.79658361863844 516.3760136100302
-121.15705527247343 363.6732379757268
-42.23210451688084 120.72102658237588
-18.33011863561609 534.9793228981283
-124.25484091161417 348.81456831463754
-126.17161263241172 310.356322721804
169.69180929285994 129.6935064811148
259.79766851467514 460.1618574048151
-105.7907533771787 427.6236160270768
-83.96171247378635 174.18754310308555
30.552737046093853 99.15489845394791
222.66658197381642 162.21637889481985
-65.3151394671957 145.17568567185344
279.1946094097188 248.01466762768598
53.58903378149586 563.6089799262636
-123.4767419803294 291.2309472622911
-92.53682963166978 190.19178846523891
49.479598739333824 93.78411588922165
68.51156869006724 97.27873639943516
-78.97928324276216 471.22004504832665
49.479598739333824 93.78411588922165
-64.17355872076604 487.888273366665
287.95511999667434 370.86023817149277
0.7368874009484898 541.4290777666549
284.4018652417285 317.5848218523316
-18.33011863561609 534.9793228981283
-55.27871970431971 129.2129392444616
-78.29168248297225 159.5778670505656
264.33633075897586 226.91373777187783
75.56112698512982 568.6641654851568
279.1946094097188 248.01466762768598
114.96374319118004 565.351935186249
246.36274842617655 189.4765710758238
-101.1294648324689 204.71846664823573
-113.3425190029592 406.7301808450764
180.37199955753007 537.6680436673868
-126.17161263241172 310.356322721804
-123.4767419803294 291.2309472622911
13.017105786184061 98.65691123680926
-118.04175159041705 380.0094748159727
165.93415393676108 552.0287261113374
-124.46505742660116 331.0837621647582
180.37199955753007 537.6680436673868
-118.04175159041705 380.0094748159727
49.479598739333824 93.78411588922165
-27.724186724449567 112.27061285505181
285.320108516338 271.821738233238
169.69180929285994 129.6935064811148
-120.76435328533137 273.58313898193484
-108.24327938535993 220.76421094515075
256.8020831761109 207.49786976903403
285.320108516338 271.821738233238
68.51156869006724 97.27873639943516
235.9584497620734 174.41040674092676
145.54598963852868 557.358009741302
256.8020831761109 207.49786976903403
13.017105786184061 98.65691123680926
-30.108129690133865 527.2594955242528
-55.27871970431971 129.2129392444616
0.7368874009484898 541.4290777666549
275.4165280537874 422.2015990291203
286.8616962929091 401.8476499990201
259.79766851467514 460.1618574048151
205.0083244134976 151.37542142358484
264.33633075897586 226.91373777187783
165.93415393676108 552.0287261113374
-123.4767419803294 291.2309472622911
205.0083244134976 151.37542142358484
130.07897657182275 115.27493063014333
269.8516063204667 445.6766781565799
-95.38645471307547 442.6897803619738
-18.33011863561609 534.9793228981283
33.02568905410766 554.1625917646621
-110.9556680803579 238.41201922550698
169.69180929285994 129.6935064811148
-92.53682963166978 190.19178846523891
-83.96171247378635 174.18754310308555
-87.85220713021056 462.1056483648176
-65.3151394671957 145.17568567185344
-124.25484091161417 348.81456831463754
-113.3425190029592 406.7301808450764
0.7368874009484898 541.4290777666549
-42.23210451688084 120.72102658237588
33.02568905410766 554.1625917646621
264.33633075897586 226.91373777187783
53.58903378149586 563.6089799262636
256.8020831761109 207.49786976903403
97.49818410293261 570.7642166857368
246.36274842617655 189.4765710758238
-116.60818002825641 254.49926245718353
222.66658197381642 162.21637889481985
-55.27871970431971 129.2129392444616
-78.97928324276216 471.22004504832665
33.02568905410766 554.1625917646621
-41.956212916313916 513.6293994337508
49.479598739333824 93.78411588922165
-124.25484091161417 348.81456831463754
180.37199955753007 537.6680436673868
-78.97928324276216 471.22004504832665
233.89713661186886 493.39892169970926
205.0083244134976 151.37542142358484
-42.23210451688084 120.72102658237588
264.33633075897586 226.91373777187783
180.37199955753007 537.6680436673868
-123.4767419803294 291.2309472622911
-124.46505742660116 331.0837621647582
0.7368874009484898 541.4290777666549
-108.24327938535993 220.76421094515075
75.56112698512982 568.6641654851568
-126.17161263241172 310.356322721804
109.51563184443455 105.82854246854185
246.36274842617655 189.4765710758238
13.017105786184061 98.65691123680926
285.320108516338 271.821738233238
33.02568905410766 554.1625917646621
-27.724186724449567 112.27061285505181
-64.17355872076604 487.888273366665
-126.17161263241172 310.356322721804
188.7938514152557 139.09839570795475
233.89713661186886 493.39892169970926
286.8616962929091 401.8476499990201
-113.3425190029592 406.7301808450764
89.00484124579305 100.8148558444102
-95.38645471307547 442.6897803619738
165.93415393676108 552.0287261113374
256.8020831761109 207.49786976903403
246.36274842617655 189.4765710758238
129.54173315527368 562.8117901755513
279.1946094097188 248.01466762768598
-78.29168248297225 159.5778670505656
-108.24327938535993 220.76421094515075
49.479598739333824 93.78411588922165
-30.108129690133865 527.2594955242528
282.71282807883347 298.334949588534
13.017105786184061 98.65691123680926
-124.25484091161417 348.81456831463754
210.79658361863844 516.3760136100302
-113.3425190029592 406.7301808450764
30.552737046093853 99.15489845394791
169.69180929285994 129.6935064811148
269.8516063204667 445.6766781565799
-87.85220713021056 462.1056483648176
68.51156869006724 97.27873639943516
-53.80429614249397 499.9993033432488
180.37199955753007 537.6680436673868
-120.76435328533137 273.58313898193484
246.36274842617655 189.4765710758238
222.66658197381642 162.21637889481985
188.7938514152557 139.09839570795475
169.69180929285994 129.6935064811148
282.71282807883347 298.334949588534
68.51156869006724 97.27873639943516
13.017105786184061 98.65691123680926
-27.724186724449567 112.27061285505181
-123.4767419803294 291.2309472622911
-18.33011863561609 534.9793228981283
290.6149545629256 348.7797283536667
130.07897657182275 115.27493063014333
-101.1294648324689 204.71846664823573
33.02568905410766 554.1625917646621
-78.29168248297225 159.5778670505656
235.9584497620734 174.41040674092676
-92.53682963166978 190.19178846523891
114.96374319118004 565.351935186249
235.9584497620734 174.41040674092676
-123.4767419803294 291.2309472622911
129.54173315527368 562.8117901755513
235.9584497620734 174.41040674092676
-65.3151394671957 145.17568567185344
75.56112698512982 568.6641654851568
286.8616962929091 401.8476499990201
-105.7907533771787 427.6236160270768
-78.97928324276216 471.22004504832665
-18.33011863561609 534.9793228981283
53.58903378149586 563.6089799262636
-78.29168248297225 159.5778670505656
49.479598739333824 93.78411588922165
13.017105786184061 98.65691123680926
0.7368874009484898 541.4290777666549
279.1946094097188 248.01466762768598
285.320108516338 271.821738233238
188.7938514152557 139.09839570795475
-108.24327938535993 220.76421094515075
-78.97928324276216 471.22004504832665
269.8516063204667 445.6766781565799
-30.108129690133865 527.2594955242528
284.4018652417285 317.5848218523316
-41.956212916313916 513.6293994337508
-87.85220713021056 462.1056483648176
-8.849879159956402 102.46712875285573
33.02568905410766 554.1625917646621
-118.04175159041705 380.0094748159727
129.54173315527368 562.8117901755513
222.66658197381642 162.21637889481985
259.79766851467514 460.1618574048151
150.6072852133798 121.76618443343159
-126.17161263241172 310.356322721804
145.54598963852868 557.358009741302
246.36274842617655 189.4765710758238
165.93415393676108 552.0287261113374
210.79658361863844 516.3760136100302
0.7368874009484898 541.4290777666549
-110.9556680803579 238.41201922550698
-87.85220713021056 462.1056483648176
-121.15705527247343 363.6732379757268
89.00484124579305 100.8148558444102
109.51563184443455 105.82854246854185
-123.4767419803294 291.2309472622911
89.00484124579305 100.8148558444102
49.479598739333824 93.78411588922165
-120.76435328533137 273.58313898193484
-42.23210451688084 120.72102658237588
30.552737046093853 99.15489845394791
235.9584497620734 174.41040674092676
279.1946094097188 248.01466762768598
97.49818410293261 570.7642166857368
286.8616962929091 401.8476499990201
53.58903378149586 563.6089799262636
-42.23210451688084 120.72102658237588
279.1946094097188 248.01466762768598
169.69180929285994 129.6935064811148
-124.46505742660116 331.0837621647582
210.79658361863844 516.3760136100302
256.8020831761109 207.49786976903403
180.37199955753007 537.6680436673868
-105.7907533771787 427.6236160270768
-113.3425190029592 406.7301808450764
269.8516063204667 445.6766781565799
259.79766851467514 460.1618574048151
-18.33011863561609 534.9793228981283
-92.53682963166978 190.19178846523891
89.00484124579305 100.8148558444102
290.6149545629256 348.7797283536667
-64.17355872076604 487.888273366665
233.89713661186886 493.39892169970926
169.69180929285994 129.6935064811148
-124.25484091161417 348.81456831463754
145.54598963852868 557.358009741302
222.66658197381642 162.21637889481985
68.51156869006724 97.27873639943516
-64.17355872076604 487.888273366665
-42.23210451688084 120.72102658237588
75.56112698512982 568.6641654851568
-121.15705527247343 363.6732379757268
233.89713661186886 493.39892169970926
222.66658197381642 162.21637889481985
-123.4767419803294 291.2309472622911
-8.849879159956402 102.46712875285573
-27.724186724449567 112.27061285505181
246.36274842617655 189.4765710758238
-65.3151394671957 145.17568567185344
-55.27871970431971 129.2129392444616
285.320108516338 271.821738233238
53.58903378149586 563.6089799262636
287.95511999667434 370.86023817149277
241.0810233364222 483.2634461194208
246.36274842617655 189.4765710758238
-8.849879159956402 102.46712875285573
0.7368874009484898 541.4290777666549
-53.80429614249397 499.9993033432488
-78.29168248297225 159.5778670505656
-18.33011863561609 534.9793228981283
-118.04175159041705 380.0094748159727
-108.24327938535993 220.76421094515075
235.9584497620734 174.41040674092676
97.49818410293261 570.7642166857368
-55.27871970431971 129.2129392444616
53.58903378149586 563.6089799262636
-92.53682963166978 190.19178846523891
264.33633075897586 226.91373777187783
97.49818410293261 570.7642166857368
-124.25484091161417 348.81456831463754
150.6072852133798 121.76618443343159
89.00484124579305 100.8148558444102
-42.23210451688084 120.72102658237588
285.320108516338 271.821738233238
-30.108129690133865 527.2594955242528
-101.1294648324689 204.71846664823573
222.66658197381642 162.21637889481985
235.9584497620734 174.41040674092676
-116.60818002825641 254.49926245718353
33.02568905410766 554.1625917646621
-105.7907533771787 427.6236160270768
275.4165280537874 422.2015990291203
-113.3425190029592 406.7301808450764
-53.80429614249397 499.9993033432488
165.93415393676108 552.0287261113374
-41.956212916313916 513.6293994337508
233.89713661186886 493.39892169970926
0.7368874009484898 541.4290777666549
-27.724186724449567 112.27061285505181
188.7938514152557 139.09839570795475
-92.53682963166978 190.19178846523891
-113.3425190029592 406.7301808450764
241.0810233364222 483.2634461194208
-78.97928324276216 471.22004504832665
13.017105786184061 98.65691123680926
-8.849879159956402 102.46712875285573
169.69180929285994 129.6935064811148
290.6149545629256 348.7797283536667
284.4018652417285 317.5848218523316
49.479598739333824 93.78411588922165
-53.80429614249397 499.9993033432488
-108.24327938535993 220.76421094515075
33.02568905410766 554.1625917646621
-65.3151394671957 145.17568567185344
-83.96171247378635 174.18754310308555
256.8020831761109 207.49786976903403
75.56112698512982 568.6641654851568
53.58903378149586 563.6089799262636
290.6149545629256 348.7797283536667
233.89713661186886 493.39892169970926
165.93415393676108 552.0287261113374
188.7938514152557 139.09839570795475
-124.46505742660116 331.0837621647582
-110.9556680803579 238.41201922550698
256.8020831761109 207.49786976903403
-27.724186724449567 112.27061285505181
75.56112698512982 568.6641654851568
-78.29168248297225 159.5778670505656
-87.85220713021056 462.1056483648176
-123.4767419803294 291.2309472622911
-120.76435328533137 273.58313898193484
150.6072852133798 121.76618443343159
169.69180929285994 129.6935064811148
241.0810233364222 483.2634461194208
275.4165280537874 422.2015990291203
109.51563184443455 105.82854246854185
269.8516063204667 445.6766781565799
286.8616962929091 401.8476499990201
145.54598963852868 557.358009741302
279.1946094097188 248.01466762768598
256.8020831761109 207.49786976903403
33.02568905410766 554.1625917646621
-83.96171247378635 174.18754310308555
114.96374319118004 565.351935186249
-78.29168248297225 159.5778670505656
-42.23210451688084 120.72102658237588
-27.724186724449567 112.27061285505181
235.9584497620734 174.41040674092676
241.0810233364222 483.2634461194208
-95.38645471307547 442.6897803619738
-92.53682963166978 190.19178846523891
279.1946094097188 248.01466762768598
180.37199955753007 537.6680436673868
-64.17355872076604 487.888273366665
33.02568905410766 554.1625917646621
-30.108129690133865 527.2594955242528
30.552737046093853 99.15489845394791
264.33633075897586 226.91373777187783
-101.1294648324689 204.71846664823573
-116.60818002825641 254.49926245718353
-64.17355872076604 487.888273366665
241.0810233364222 483.2634461194208
269.8516063204667 445.6766781565799
89.00484124579305 100.8148558444102
-78.29168248297225 159.5778670505656
256.8020831761109 207.49786976903403
-42.23210451688084 120.72102658237588
-113.3425190029592 406.7301808450764
150.6072852133798 121.76618443343159
-110.9556680803579 238.41201922550698
129.54173315527368 562.8117901755513
97.49818410293261 570.7642166857368
287.95511999667434 370.86023817149277
-78.97928324276216 471.22004504832665
259.79766851467514 460.1618574048151
287.95511999667434 370.86023817149277
33.02568905410766 554.1625917646621
-120.76435328533137 273.58313898193484
235.9584497620734 174.41040674092676
49.479598739333824 93.78411588922165
282.71282807883347 298.334949588534
-41.956212916313916 513.6293994337508
-30.108129690133865 527.2594955242528
210.79658361863844 516.3760136100302
222.66658197381642 162.21637889481985
165.93415393676108 552.0287261113374
129.54173315527368 562.8117901755513
-92.53682963166978 190.19178846523891
-83.96171247378635 174.18754310308555
0.7368874009484898 541.4290777666549
-121.15705527247343 363.6732379757268
-126.17161263241172 310.356322721804
222.66658197381642 162.21637889481985
114.96374319118004 565.351935186249
275.4165280537874 422.2015990291203
180.37199955753007 537.6680436673868
145.54598963852868 557.358009741302
-108.24327938535993 220.76421094515075
89.00484124579305 100.8148558444102
275.4165280537874 422.2015990291203
-118.04175159041705 380.0094748159727
169.69180929285994 129.6935064811148
-83.96171247378635 174.18754310308555
13.017105786184061 98.65691123680926
-78.29168248297225 159.5778670505656
68.51156869006724 97.27873639943516
-41.956212916313916 513.6293994337508
13.017105786184061 98.65691123680926
-113.3425190029592 406.7301808450764
75.56112698512982 568.6641654851568
246.36274842617655 189.4765710758238
256.8020831761109 207.49786976903403
-92.53682963166978 190.19178846523891
-64.17355872076604 487.888273366665
30.552737046093853 99.15489845394791
-87.85220713021056 462.1056483648176
-105.7907533771787 427.6236160270768
241.0810233364222 483.2634461194208
-118.04175159041705 380.0094748159727
-113.3425190029592 406.7301808450764
-95.38645471307547 442.6897803619738
210.79658361863844 516.3760136100302
-78.97928324276216 471.22004504832665
290.6149545629256 348.7797283536667
285.320108516338 271.821738233238
235.9584497620734 174.41040674092676
180.37199955753007 537.6680436673868
0.7368874009484898 541.4290777666549
30.552737046093853 99.15489845394791
89.00484124579305 100.8148558444102
284.4018652417285 317.5848218523316
287.95511999667434 370.86023817149277
269.8516063204667 445.6766781565799
188.7938514152557 139.09839570795475
-55.27871970431971 129.2129392444616
-78.29168248297225 159.5778670505656
-78.97928324276216 471.22004504832665
-8.849879159956402 102.46712875285573
282.71282807883347 298.334949588534
150.6072852133798 121.76618443343159
109.51563184443455 105.82854246854185
259.79766851467514 460.1618574048151
130.07897657182275 115.27493063014333
-124.46505742660116 331.0837621647582
-87.85220713021056 462.1056483648176
180.37199955753007 537.6680436673868
-116.60818002825641 254.49926245718353
-120.76435328533137 273.58313898193484
205.0083244134976 151.37542142358484
145.54598963852868 557.358009741302
287.95511999667434 370.86023817149277
-95.38645471307547 442.6897803619738
-42.23210451688084 120.72102658237588
-55.27871970431971 129.2129392444616
75.56112698512982 568.6641654851568
284.4018652417285 317.5848218523316
109.51563184443455 105.82854246854185
-65.3151394671957 145.17568567185344
-41.956212916313916 513.6293994337508
210.79658361863844 516.3760136100302
246.36274842617655 189.4765710758238
180.37199955753007 537.6680436673868
188.7938514152557 139.09839570795475
-101.1294648324689 204.71846664823573
-105.7907533771787 427.6236160270768
269.8516063204667 445.6766781565799
264.33633075897586 226.91373777187783
279.1946094097188 248.01466762768598
290.6149545629256 348.7797283536667
97.49818410293261 570.7642166857368
-116.60818002825641 254.49926245718353
169.69180929285994 129.6935064811148
188.7938514152557 139.09839570795475
-124.25484091161417 348.81456831463754
-126.17161263241172 310.356322721804
-123.4767419803294 291.2309472622911
114.96374319118004 565.351935186249
-78.97928324276216 471.22004504832665
75.56112698512982 568.6641654851568
33.02568905410766 554.1625917646621
13.017105786184061 98.65691123680926
-95.38645471307547 442.6897803619738
259.79766851467514 460.1618574048151
89.00484124579305 100.8148558444102
241.0810233364222 483.2634461194208
264.33633075897586 226.91373777187783
282.71282807883347 298.334949588534
222.66658197381642 162.21637889481985
97.49818410293261 570.7642166857368
-126.17161263241172 310.356322721804
165.93415393676108 552.0287261113374
-124.25484091161417 348.81456831463754
269.8516063204667 445.6766781565799
-41.956212916313916 513.6293994337508
30.552737046093853 99.15489845394791
-92.53682963166978 190.19178846523891
-78.29168248297225 159.5778670505656
130.07897657182275 115.27493063014333
-110.9556680803579 238.41201922550698
205.0083244134976 151.37542142358484
-108.24327938535993 220.76421094515075
114.96374319118004 565.351935186249
180.37199955753007 537.6680436673868
165.93415393676108 552.0287261113374
235.9584497620734 174.41040674092676
-126.17161263241172 310.356322721804
210.79658361863844 516.3760136100302
233.89713661186886 493.39892169970926
-95.38645471307547 442.6897803619738
-8.849879159956402 102.46712875285573
49.479598739333824 93.78411588922165
-18.33011863561609 534.9793228981283
-30.108129690133865 527.2594955242528
-78.97928324276216 471.22004504832665
165.93415393676108 552.0287261113374
205.0083244134976 151.37542142358484
-116.60818002825641 254.49926245718353
-113.3425190029592 406.7301808450764
259.79766851467514 460.1618574048151
233.89713661186886 493.39892169970926
150.6072852133798 121.76618443343159
285.320108516338 271.821738233238
-65.3151394671957 145.17568567185344
53.58903378149586 563.6089799262636
-27.724186724449567 112.27061285505181
282.71282807883347 298.334949588534
33.02568905410766 554.1625917646621
-124.25484091161417 348.81456831463754
-118.04175159041705 380.0094748159727
-42.23210451688084 120.72102658237588
130.07897657182275 115.27493063014333
275.4165280537874 422.2015990291203
264.33633075897586 226.91373777187783
0.7368874009484898 541.4290777666549
-92.53682963166978 190.19178846523891
109.51563184443455 105.82854246854185
282.71282807883347 298.334949588534
97.49818410293261 570.7642166857368
75.56112698512982 568.6641654851568
285.320108516338 271.821738233238
241.0810233364222 483.2634461194208
256.8020831761109 207.49786976903403
-116.60818002825641 254.49926245718353
165.93415393676108 552.0287261113374
241.0810233364222 483.2634461194208
284.4018652417285 317.5848218523316
-53.80429614249397 499.9993033432488
-8.849879159956402 102.46712875285573
53.58903378149586 563.6089799262636
-18.33011863561609 534.9793228981283
30.552737046093853 99.15489845394791
-95.38645471307547 442.6897803619738
33.02568905410766 554.1625917646621
-53.80429614249397 499.9993033432488
13.017105786184061 98.65691123680926
284.4018652417285 317.5848218523316
53.58903378149586 563.6089799262636
246.36274842617655 189.4765710758238
49.479598739333824 93.78411588922165
264.33633075897586 226.91373777187783
-55.27871970431971 129.2129392444616
-53.80429614249397 499.9993033432488
269.8516063204667 445.6766781565799
-121.15705527247343 363.6732379757268
-92.53682963166978 190.19178846523891
-105.7907533771787 427.6236160270768
-42.23210451688084 120.72102658237588
246.36274842617655 189.4765710758238
-123.4767419803294 291.2309472622911
-110.9556680803579 238.41201922550698
165.93415393676108 552.0287261113374
-18.33011863561609 534.9793228981283
279.1946094097188 248.01466762768598
-83.96171247378635 174.18754310308555
75.56112698512982 568.6641654851568
290.6149545629256 348.7797283536667
286.8616962929091 401.8476499990201
-118.04175159041705 380.0094748159727
75.56112698512982 568.6641654851568
-120.76435328533137 273.58313898193484
222.66658197381642 162.21637889481985
188.7938514152557 139.09839570795475
129.54173315527368 562.8117901755513
286.8616962929091 401.8476499990201
210.79658361863844 516.3760136100302
264.33633075897586 226.91373777187783
-108.24327938535993 220.76421094515075
-101.1294648324689 204.71846664823573
145.54598963852868 557.358009741302
284.4018652417285 317.5848218523316
97.49818410293261 570.7642166857368
-65.3151394671957 145.17568567185344
0.7368874009484898 541.4290777666549
269.8516063204667 445.6766781565799
-8.849879159956402 102.46712875285573
-27.724186724449567 112.27061285505181
89.00484124579305 100.8148558444102
235.9584497620734 174.41040674092676
169.69180929285994 129.6935064811148
165.93415393676108 552.0287261113374
-120.76435328533137 273.58313898193484
-118.04175159041705 380.0094748159727
109.51563184443455 105.82854246854185
222.66658197381642 162.21637889481985
235.9584497620734 174.41040674092676
75.56112698512982 568.6641654851568
-95.38645471307547 442.6897803619738
-83.96171247378635 174.18754310308555
129.54173315527368 562.8117901755513
205.0083244134976 151.37542142358484
210.79658361863844 516.3760136100302
180.37199955753007 537.6680436673868
284.4018652417285 317.5848218523316
-27.724186724449567 112.27061285505181
264.33633075897586 226.91373777187783
256.8020831761109 207.49786976903403
30.552737046093853 99.15489845394791
282.71282807883347 298.334949588534
53.58903378149586 563.6089799262636
-124.46505742660116 331.0837621647582
150.6072852133798 121.76618443343159
-121.15705527247343 363.6732379757268
13.017105786184061 98.65691123680926
-18.33011863561609 534.9793228981283
-110.9556680803579 238.41201922550698
180.37199955753007 537.6680436673868
287.95511999667434 370.86023817149277
-87.85220713021056 462.1056483648176
-27.724186724449567 112.27061285505181
-53.80429614249397 499.9993033432488
114.96374319118004 565.351935186249
165.93415393676108 552.0287261113374
286.8616962929091 401.8476499990201
-124.25484091161417 348.81456831463754
-92.53682963166978 190.19178846523891
150.6072852133798 121.76618443343159
275.4165280537874 422.2015990291203
49.479598739333824 93.78411588922165
0.7368874009484898 541.4290777666549
-78.97928324276216 471.22004504832665
89.00484124579305 100.8148558444102
109.51563184443455 105.82854246854185
233.89713661186886 493.39892169970926
-113.3425190029592 406.7301808450764
-105.7907533771787 427.6236160270768
145.54598963852868 557.358009741302
-123.4767419803294 291.2309472622911
97.49818410293261 570.7642166857368
285.320108516338 271.821738233238
287.95511999667434 370.86023817149277
150.6072852133798 121.76618443343159
169.69180929285994 129.6935064811148
-101.1294648324689 204.71846664823573
-78.29168248297225 159.5778670505656
97.49818410293261 570.7642166857368
-92.53682963166978 190.19178846523891
68.51156869006724 97.27873639943516
-65.3151394671957 145.17568567185344
-55.27871970431971 129.2129392444616
256.8020831761109 207.49786976903403
246.36274842617655 189.4765710758238
235.9584497620734 174.41040674092676
53.58903378149586 563.6089799262636
-108.24327938535993 220.76421094515075
-116.60818002825641 254.49926245718353
109.51563184443455 105.82854246854185
-124.25484091161417 348.81456831463754
233.89713661186886 493.39892169970926
246.36274842617655 189.4765710758238
30.552737046093853 99.15489845394791
-8.849879159956402 102.46712875285573
290.6149545629256 348.7797283536667
30.552737046093853 99.15489845394791
259.79766851467514 460.1618574048151
-121.15705527247343 363.6732379757268
129.54173315527368 562.8117901755513
287.95511999667434 370.86023817149277
169.69180929285994 129.6935064811148
-113.3425190029592 406.7301808450764
165.93415393676108 552.0287261113374
-101.1294648324689 204.71846664823573
75.56112698512982 568.6641654851568
282.71282807883347 298.334949588534
188.7938514152557 139.09839570795475
-121.15705527247343 363.6732379757268
53.58903378149586 563.6089799262636
-120.76435328533137 273.58313898193484
0.7368874009484898 541.4290777666549
-41.956212916313916 513.6293994337508
241.0810233364222 483.2634461194208
150.6072852133798 121.76618443343159
30.552737046093853 99.15489845394791
-105.7907533771787 427.6236160270768
130.07897657182275 115.27493063014333
-126.17161263241172 310.356322721804
205.0083244134976 151.37542142358484
269.8516063204667 445.6766781565799
286.8616962929091 401.8476499990201
284.4018652417285 317.5848218523316
114.96374319118004 565.351935186249
-116.60818002825641 254.49926245718353
75.56112698512982 568.6641654851568
53.58903378149586 563.6089799262636
222.66658197381642 162.21637889481985
-8.849879159956402 102.46712875285573
-64.17355872076604 487.888273366665
-123.4767419803294 291.2309472622911
-41.956212916313916 513.6293994337508
259.79766851467514 460.1618574048151
256.8020831761109 207.49786976903403
-8.849879159956402 102.46712875285573
-108.24327938535993 220.76421094515075
109.51563184443455 105.82854246854185
210.79658361863844 516.3760136100302
269.8516063204667 445.6766781565799
-118.04175159041705 380.0094748159727
233.89713661186886 493.39892169970926
-30.108129690133865 527.2594955242528
-18.33011863561609 534.9793228981283
-8.849879159956402 102.46712875285573
188.7938514152557 139.09839570795475
145.54598963852868 557.358009741302
0.7368874009484898 541.4290777666549
-95.38645471307547 442.6897803619738
-65.3151394671957 145.17568567185344
264.33633075897586 226.91373777187783
285.320108516338 271.821738233238
279.1946094097188 248.01466762768598
-101.1294648324689 204.71846664823573
205.0083244134976 151.37542142358484
180.37199955753007 537.6680436673868
269.8516063204667 445.6766781565799
222.66658197381642 162.21637889481985
-110.9556680803579 238.41201922550698
109.51563184443455 105.82854246854185
180.37199955753007 537.6680436673868
222.66658197381642 162.21637889481985
75.56112698512982 568.6641654851568
114.96374319118004 565.351935186249
-65.3151394671957 145.17568567185344
-27.724186724449567 112.27061285505181
-42.23210451688084 120.72102658237588
-55.27871970431971 129.2129392444616
282.71282807883347 298.334949588534
246.36274842617655 189.4765710758238
269.8516063204667 445.6766781565799
-126.17161263241172 310.356322721804
-78.97928324276216 471.22004504832665
129.54173315527368 562.8117901755513
-78.29168248297225 159.5778670505656
282.71282807883347 298.334949588534
-42.23210451688084 120.72102658237588
-53.80429614249397 499.9993033432488
259.79766851467514 460.1618574048151
-87.85220713021056 462.1056483648176
-105.7907533771787 427.6236160270768
287.95511999667434 370.86023817149277
233.89713661186886 493.39892169970926
-124.46505742660116 331.0837621647582
-101.1294648324689 204.71846664823573
180.37199955753007 537.6680436673868
-18.33011863561609 534.9793228981283
210.79658361863844 516.3760136100302
188.7938514152557 139.09839570795475
-65.3151394671957 145.17568567185344
-64.17355872076604 487.888273366665
210.79658361863844 516.3760136100302
165.93415393676108 552.0287261113374
-108.24327938535993 220.76421094515075
129.54173315527368 562.8117901755513
97.49818410293261 570.7642166857368
-121.15705527247343 363.6732379757268
275.4165280537874 422.2015990291203
68.51156869006724 97.27873639943516
49.479598739333824 93.78411588922165
13.017105786184061 98.65691123680926
68.51156869006724 97.27873639943516
130.07897657182275 115.27493063014333
-124.25484091161417 348.81456831463754
-113.3425190029592 406.7301808450764
97.49818410293261 570.7642166857368
0.7368874009484898 541.4290777666549
75.56112698512982 568.6641654851568
-124.46505742660116 331.0837621647582
286.8616962929091 401.8476499990201
33.02568905410766 554.1625917646621
235.9584497620734 174.41040674092676
284.4018652417285 317.5848218523316
279.1946094097188 248.01466762768598
264.33633075897586 226.91373777187783
-116.60818002825641 254.49926245718353
210.79658361863844 516.3760136100302
130.07897657182275 115.27493063014333
-95.38645471307547 442.6897803619738
-118.04175159041705 380.0094748159727
259.79766851467514 460.1618574048151
49.479598739333824 93.78411588922165
269.8516063204667 445.6766781565799
-27.724186724449567 112.27061285505181
-30.108129690133865 527.2594955242528
-87.85220713021056 462.1056483648176
-95.38645471307547 442.6897803619738
-116.60818002825641 254.49926245718353
-30.108129690133865 527.2594955242528
68.51156869006724 97.27873639943516
269.8516063204667 445.6766781565799
13.017105786184061 98.65691123680926
-55.27871970431971 129.2129392444616
275.4165280537874 422.2015990291203
235.9584497620734 174.41040674092676
188.7938514152557 139.09839570795475
114.96374319118004 565.351935186249
285.320108516338 271.821738233238
-41.956212916313916 513.6293994337508
-8.849879159956402 102.46712875285573
259.79766851467514 460.1618574048151
-126.17161263241172 310.356322721804
-123.4767419803294 291.2309472622911
269.8516063204667 445.6766781565799
-78.29168248297225 159.5778670505656
-65.3151394671957 145.17568567185344
30.552737046093853 99.15489845394791
205.0083244134976 151.37542142358484
-83.96171247378635 174.18754310308555
53.58903378149586 563.6089799262636
-101.1294648324689 204.71846664823573
89.00484124579305 100.8148558444102
68.51156869006724 97.27873639943516
284.4018652417285 317.5848218523316
129.54173315527368 562.8117901755513
-101.1294648324689 204.71846664823573
235.9584497620734 174.41040674092676
259.79766851467514 460.1618574048151
-30.108129690133865 527.2594955242528
241.0810233364222 483.2634461194208
-121.15705527247343 363.6732379757268
165.93415393676108 552.0287261113374
89.00484124579305 100.8148558444102
287.95511999667434 370.86023817149277
130.07897657182275 115.27493063014333
188.7938514152557 139.09839570795475
-83.96171247378635 174.18754310308555
180.37199955753007 537.6680436673868
-92.53682963166978 190.19178846523891
-55.27871970431971 129.2129392444616
-64.17355872076604 487.888273366665
-110.9556680803579 238.41201922550698
53.58903378149586 563.6089799262636
129.54173315527368 562.8117901755513
-105.7907533771787 427.6236160270768
150.6072852133798 121.76618443343159
290.6149545629256 348.7797283536667
-87.85220713021056 462.1056483648176
241.0810233364222 483.2634461194208
30.552737046093853 99.15489845394791
269.8516063204667 445.6766781565799
-124.46505742660116 331.0837621647582
205.0083244134976 151.37542142358484
282.71282807883347 298.334949588534
256.8020831761109 207.49786976903403
279.1946094097188 248.01466762768598
-30.108129690133865 527.2594955242528
0.7368874009484898 541.4290777666549
165.93415393676108 552.0287261113374
30.552737046093853 99.15489845394791
-55.27871970431971 129.2129392444616
284.4018652417285 317.5848218523316
188.7938514152557 139.09839570795475
275.4165280537874 422.2015990291203
-78.29168248297225 159.5778670505656
-83.96171247378635 174.18754310308555
-113.3425190029592 406.7301808450764
-27.724186724449567 112.27061285505181
150.6072852133798 121.76618443343159
109.51563184443455 105.82854246854185
-121.15705527247343 363.6732379757268
286.8616962929091 401.8476499990201
-123.4767419803294 291.2309472622911
-124.25484091161417 348.81456831463754
259.79766851467514 460.1618574048151
233.89713661186886 493.39892169970926
-18.33011863561609 534.9793228981283
-53.80429614249397 499.9993033432488
75.56112698512982 568.6641654851568
-92.53682963166978 190.19178846523891
222.66658197381642 162.21637889481985
290.6149545629256 348.7797283536667
109.51563184443455 105.82854246854185
-120.76435328533137 273.58313898193484
-116.60818002825641 254.49926245718353
130.07897657182275 115.27493063014333
284.4018652417285 317.5848218523316
-65.3151394671957 145.17568567185344
180.37199955753007 537.6680436673868
233.89713661186886 493.39892169970926
13.017105786184061 98.65691123680926
259.79766851467514 460.1618574048151
-64.17355872076604 487.888273366665
-83.96171247378635 174.18754310308555
97.49818410293261 570.7642166857368
-42.23210451688084 120.72102658237588
-41.956212916313916 513.6293994337508
180.37199955753007 537.6680436673868
169.69180929285994 129.6935064811148
284.4018652417285 317.5848218523316
30.552737046093853 99.15489845394791
275.4165280537874 422.2015990291203
269.8516063204667 445.6766781565799
259.79766851467514 460.1618574048151
-42.23210451688084 120.72102658237588
222.66658197381642 162.21637889481985
-124.46505742660116 331.0837621647582
109.51563184443455 105.82854246854185
287.95511999667434 370.86023817149277
30.552737046093853 99.15489845394791
-108.24327938535993 220.76421094515075
-101.1294648324689 204.71846664823573
-118.04175159041705 380.0094748159727
145.54598963852868 557.358009741302
-113.3425190029592 406.7301808450764
53.58903378149586 563.6089799262636
233.89713661186886 493.39892169970926
-105.7907533771787 427.6236160270768
-113.3425190029592 406.7301808450764
287.95511999667434 370.86023817149277
68.51156869006724 97.27873639943516
-18.33011863561609 534.9793228981283
53.58903378149586 563.6089799262636
-78.97928324276216 471.22004504832665
-118.04175159041705 380.0094748159727
150.6072852133798 121.76618443343159
-87.85220713021056 462.1056483648176
233.89713661186886 493.39892169970926
129.54173315527368 562.8117901755513
165.93415393676108 552.0287261113374
130.07897657182275 115.27493063014333
30.552737046093853 99.15489845394791
-124.46505742660116 331.0837621647582
259.79766851467514 460.1618574048151
-78.29168248297225 159.5778670505656
-55.27871970431971 129.2129392444616
235.9584497620734 174.41040674092676
282.71282807883347 298.334949588534
290.6149545629256 348.7797283536667
285.320108516338 271.821738233238
-78.29168248297225 159.5778670505656
180.37199955753007 537.6680436673868
-108.24327938535993 220.76421094515075
97.49818410293261 570.7642166857368
-118.04175159041705 380.0094748159727
205.0083244134976 151.37542142358484
114.96374319118004 565.351935186249
-120.76435328533137 273.58313898193484
-123.4767419803294 291.2309472622911
275.4165280537874 422.2015990291203
286.8616962929091 401.8476499990201
-120.76435328533137 273.58313898193484
145.54598963852868 557.358009741302
-92.53682963166978 190.19178846523891
13.017105786184061 98.65691123680926
180.37199955753007 537.6680436673868
130.07897657182275 115.27493063014333
241.0810233364222 483.2634461194208
-126.17161263241172 310.356322721804
275.4165280537874 422.2015990291203
284.4018652417285 317.5848218523316
33.02568905410766 554.1625917646621
246.36274842617655 189.4765710758238
-78.29168248297225 159.5778670505656
284.4018652417285 317.5848218523316
150.6072852133798 121.76618443343159
169.69180929285994 129.6935064811148
-42.23210451688084 120.72102658237588
-8.849879159956402 102.46712875285573
180.37199955753007 537.6680436673868
-55.27871970431971 129.2129392444616
-118.04175159041705 380.0094748159727
-30.108129690133865 527.2594955242528
-83.96171247378635 174.18754310308555
165.93415393676108 552.0287261113374
-87.85220713021056 462.1056483648176
97.49818410293261 570.7642166857368
75.56112698512982 568.6641654851568
-123.4767419803294 291.2309472622911
259.79766851467514 460.1618574048151
286.8616962929091 401.8476499990201
290.6149545629256 348.7797283536667
129.54173315527368 562.8117901755513
109.51563184443455 105.82854246854185
-27.724186724449567 112.27061285505181
-18.33011863561609 534.9793228981283
-121.15705527247343 363.6732379757268
-110.9556680803579 238.41201922550698
-108.24327938535993 220.76421094515075
279.1946094097188 248.01466762768598
259.79766851467514 460.1618574048151
-65.3151394671957 145.17568567185344
205.0083244134976 151.37542142358484
284.4018652417285 317.5848218523316
-64.17355872076604 487.888273366665
0.7368874009484898 541.4290777666549
114.96374319118004 565.351935186249
-118.04175159041705 380.0094748159727
188.7938514152557 139.09839570795475
169.69180929285994 129.6935064811148
275.4165280537874 422.2015990291203
13.017105786184061 98.65691123680926
290.6149545629256 348.7797283536667
49.479598739333824 93.78411588922165
30.552737046093853 99.15489845394791
33.02568905410766 554.1625917646621
222.66658197381642 162.21637889481985
285.320108516338 271.821738233238
129.54173315527368 562.8117901755513
-124.25484091161417 348.81456831463754
-126.17161263241172 310.356322721804
129.54173315527368 562.8117901755513
-116.60818002825641 254.49926245718353
269.8516063204667 445.6766781565799
-42.23210451688084 120.72102658237588
290.6149545629256 348.7797283536667
188.7938514152557 139.09839570795475
222.66658197381642 162.21637889481985
49.479598739333824 93.78411588922165
180.37199955753007 537.6680436673868
150.6072852133798 121.76618443343159
210.79658361863844 516.3760136100302
145.54598963852868 557.358009741302
-110.9556680803579 238.41201922550698
-65.3151394671957 145.17568567185344
-30.108129690133865 527.2594955242528
-113.3425190029592 406.7301808450764
-78.97928324276216 471.22004504832665
109.51563184443455 105.82854246854185
165.93415393676108 552.0287261113374
-65.3151394671957 145.17568567185344
13.017105786184061 98.65691123680926
-8.849879159956402 102.46712875285573
275.4165280537874 422.2015990291203
-101.1294648324689 204.71846664823573
114.96374319118004 565.351935186249
-124.46505742660116 331.0837621647582
145.54598963852868 557.358009741302
-83.96171247378635 174.18754310308555
269.8516063204667 445.6766781565799
-55.27871970431971 129.2129392444616
246.36274842617655 189.4765710758238
256.8020831761109 207.49786976903403
275.4165280537874 422.2015990291203
-27.724186724449567 112.27061285505181
290.6149545629256 348.7797283536667
165.93415393676108 552.0287261113374
-92.53682963166978 190.19178846523891
-41.956212916313916 513.6293994337508
75.56112698512982 568.6641654851568
-110.9556680803579 238.41201922550698
269.8516063204667 445.6766781565799
-92.53682963166978 190.19178846523891
-87.85220713021056 462.1056483648176
89.00484124579305 100.8148558444102
109.51563184443455 105.82854246854185
241.0810233364222 483.2634461194208
-124.25484091161417 348.81456831463754
-113.3425190029592 406.7301808450764
129.54173315527368 562.8117901755513
-65.3151394671957 145.17568567185344
282.71282807883347 298.334949588534
-83.96171247378635 174.18754310308555
-101.1294648324689 204.71846664823573
-126.17161263241172 310.356322721804
53.58903378149586 563.6089799262636
-118.04175159041705 380.0094748159727
130.07897657182275 115.27493063014333
286.8616962929091 401.8476499990201
-83.96171247378635 174.18754310308555
246.36274842617655 189.4765710758238
235.9584497620734 174.41040674092676
264.33633075897586 226.91373777187783
279.1946094097188 248.01466762768598
-95.38645471307547 442.6897803619738
129.54173315527368 562.8117901755513
169.69180929285994 129.6935064811148
210.79658361863844 516.3760136100302
233.89713661186886 493.39892169970926
68.51156869006724 97.27873639943516
-8.849879159956402 102.46712875285573
165.93415393676108 552.0287261113374
259.79766851467514 460.1618574048151
-101.1294648324689 204.71846664823573
210.79658361863844 516.3760136100302
-123.4767419803294 291.2309472622911
241.0810233364222 483.2634461194208
-120.76435328533137 273.58313898193484
-108.24327938535993 220.76421094515075
285.320108516338 271.821738233238
205.0083244134976 151.37542142358484
275.4165280537874 422.2015990291203
-65.3151394671957 145.17568567185344
89.00484124579305 100.8148558444102
49.479598739333824 93.78411588922165
287.95511999667434 370.86023817149277
188.7938514152557 139.09839570795475
246.36274842617655 189.4765710758238
-126.17161263241172 310.356322721804
-65.3151394671957 145.17568567185344
269.8516063204667 445.6766781565799
-120.76435328533137 273.58313898193484
97.49818410293261 570.7642166857368
-110.9556680803579 238.41201922550698
264.33633075897586 226.91373777187783
-18.33011863561609 534.9793228981283
-30.108129690133865 527.2594955242528
129.54173315527368 562.8117901755513
-41.956212916313916 513.6293994337508
-105.7907533771787 427.6236160270768
89.00484124579305 100.8148558444102
129.54173315527368 562.8117901755513
-8.849879159956402 102.46712875285573
-65.3151394671957 145.17568567185344
169.69180929285994 129.6935064811148
-108.24327938535993 220.76421094515075
210.79658361863844 516.3760136100302
284.4018652417285 317.5848218523316
-8.849879159956402 102.46712875285573
-55.27871970431971 129.2129392444616
165.93415393676108 552.0287261113374
150.6072852133798 121.76618443343159
114.96374319118004 565.351935186249
97.49818410293261 570.7642166857368
-105.7907533771787 427.6236160270768
109.51563184443455 105.82854246854185
-78.29168248297225 159.5778670505656
-83.96171247378635 174.18754310308555
285.320108516338 271.821738233238
282.71282807883347 298.334949588534
-53.80429614249397 499.9993033432488
53.58903378149586 563.6089799262636
-116.60818002825641 254.49926245718353
145.54598963852868 557.358009741302
233.89713661186886 493.39892169970926
30.552737046093853 99.15489845394791
180.37199955753007 537.6680436673868
-42.23210451688084 120.72102658237588
275.4165280537874 422.2015990291203
-92.53682963166978 190.19178846523891
130.07897657182275 115.27493063014333
-78.97928324276216 471.22004504832665
97.49818410293261 570.7642166857368
-101.1294648324689 204.71846664823573
-53.80429614249397 499.9993033432488
-64.17355872076604 487.888273366665
-95.38645471307547 442.6897803619738
-87.85220713021056 462.1056483648176
-105.7907533771787 427.6236160270768
165.93415393676108 552.0287261113374
284.4018652417285 317.5848218523316
246.36274842617655 189.4765710758238
0.7368874009484898 541.4290777666549
256.8020831761109 207.49786976903403
285.320108516338 271.821738233238
279.1946094097188 248.01466762768598
165.93415393676108 552.0287261113374
49.479598739333824 93.78411588922165
13.017105786184061 98.65691123680926
145.54598963852868 557.358009741302
-78.29168248297225 159.5778670505656
205.0083244134976 151.37542142358484
-124.25484091161417 348.81456831463754
53.58903378149586 563.6089799262636
188.7938514152557 139.09839570795475
286.8616962929091 401.8476499990201
269.8516063204667 445.6766781565799
-108.24327938535993 220.76421094515075
275.4165280537874 422.2015990291203
-124.46505742660116 331.0837621647582
241.0810233364222 483.2634461194208
68.51156869006724 97.27873639943516
-55.27871970431971 129.2129392444616
114.96374319118004 565.351935186249
-124.25484091161417 348.81456831463754
30.552737046093853 99.15489845394791
286.8616962929091 401.8476499990201
222.66658197381642 162.21637889481985
235.9584497620734 174.41040674092676
-124.46505742660116 331.0837621647582
129.54173315527368 562.8117901755513
-120.76435328533137 273.58313898193484
259.79766851467514 460.1618574048151
290.6149545629256 348.7797283536667
68.51156869006724 97.27873639943516
180.37199955753007 537.6680436673868
290.6149545629256 348.7797283536667
205.0083244134976 151.37542142358484
97.49818410293261 570.7642166857368
-124.46505742660116 331.0837621647582
-116.60818002825641 254.49926245718353
150.6072852133798 121.76618443343159
145.54598963852868 557.358009741302
169.69180929285994 129.6935064811148
89.00484124579305 100.8148558444102
210.79658361863844 516.3760136100302
259.79766851467514 460.1618574048151
-83.96171247378635 174.18754310308555
130.07897657182275 115.27493063014333
-53.80429614249397 499.9993033432488
286.8616962929091 401.8476499990201
-92.53682963166978 190.19178846523891
285.320108516338 271.821738233238
-116.60818002825641 254.49926245718353
286.8616962929091 401.8476499990201
-101.1294648324689 204.71846664823573
-78.29168248297225 159.5778670505656
-42.23210451688084 120.72102658237588
-87.85220713021056 462.1056483648176
130.07897657182275 115.27493063014333
233.89713661186886 493.39892169970926
33.02568905410766 554.1625917646621
0.7368874009484898 541.4290777666549
-18.33011863561609 534.9793228981283
-65.3151394671957 145.17568567185344
256.8020831761109 207.49786976903403
279.1946094097188 248.01466762768598
205.0083244134976 151.37542142358484
222.66658197381642 162.21637889481985
284.4018652417285 317.5848218523316
256.8020831761109 207.49786976903403
233.89713661186886 493.39892169970926
-116.60818002825641 254.49926245718353
275.4165280537874 422.2015990291203
-124.25484091161417 348.81456831463754
75.56112698512982 568.6641654851568
129.54173315527368 562.8117901755513
-27.724186724449567 112.27061285505181
130.07897657182275 115.27493063014333
-41.956212916313916 513.6293994337508
-124.46505742660116 331.0837621647582
-113.3425190029592 406.7301808450764
-120.76435328533137 273.58313898193484
210.79658361863844 516.3760136100302
165.93415393676108 552.0287261113374
13.017105786184061 98.65691123680926
235.9584497620734 174.41040674092676
-42.23210451688084 120.72102658237588
286.8616962929091 401.8476499990201
-78.29168248297225 159.5778670505656
290.6149545629256 348.7797283536667
284.4018652417285 317.5848218523316
-92.53682963166978 190.19178846523891
-30.108129690133865 527.2594955242528
-87.85220713021056 462.1056483648176
-113.3425190029592 406.7301808450764
114.96374319118004 565.351935186249
-110.9556680803579 238.41201922550698
-41.956212916313916 513.6293994337508
114.96374319118004 565.351935186249
109.51563184443455 105.82854246854185
-95.38645471307547 442.6897803619738
290.6149545629256 348.7797283536667
-65.3151394671957 145.17568567185344
-105.7907533771787 427.6236160270768
53.58903378149586 563.6089799262636
97.49818410293261 570.7642166857368
130.07897657182275 115.27493063014333
33.02568905410766 554.1625917646621
290.6149545629256 348.7797283536667
-55.27871970431971 129.2129392444616
129.54173315527368 562.8117901755513
282.71282807883347 298.334949588534
-101.1294648324689 204.71846664823573
-108.24327938535993 220.76421094515075
-105.7907533771787 427.6236160270768
75.56112698512982 568.6641654851568
205.0083244134976 151.37542142358484
169.69180929285994 129.6935064811148
-95.38645471307547 442.6897803619738
-101.1294648324689 204.71846664823573
233.89713661186886 493.39892169970926
49.479598739333824 93.78411588922165
30.552737046093853 99.15489845394791
188.7938514152557 139.09839570795475
-78.29168248297225 159.5778670505656
165.93415393676108 552.0287261113374
275.4165280537874 422.2015990291203
286.8616962929091 401.8476499990201
-110.9556680803579 238.41201922550698
-123.4767419803294 291.2309472622911
233.89713661186886 493.39892169970926
89.00484124579305 100.8148558444102
286.8616962929091 401.8476499990201
205.0083244134976 151.37542142358484
-113.3425190029592 406.7301808450764
109.51563184443455 105.82854246854185
150.6072852133798 121.76618443343159
-41.956212916313916 513.6293994337508
-108.24327938535993 220.76421094515075
222.66658197381642 162.21637889481985
-27.724186724449567 112.27061285505181
13.017105786184061 98.65691123680926
53.58903378149586 563.6089799262636
-95.38645471307547 442.6897803619738
97.49818410293261 570.7642166857368
-64.17355872076604 487.888273366665
275.4165280537874 422.2015990291203
-120.76435328533137 273.58313898193484
256.8020831761109 207.49786976903403
287.95511999667434 370.86023817149277
-8.849879159956402 102.46712875285573
109.51563184443455 105.82854246854185
-83.96171247378635 174.18754310308555
-18.33011863561609 534.9793228981283
269.8516063204667 445.6766781565799
259.79766851467514 460.1618574048151
275.4165280537874 422.2015990291203
-83.96171247378635 174.18754310308555
222.66658197381642 162.21637889481985
275.4165280537874 422.2015990291203
-110.9556680803579 238.41201922550698
210.79658361863844 516.3760136100302
-92.53682963166978 190.19178846523891
282.71282807883347 298.334949588534
114.96374319118004 565.351935186249
-126.17161263241172 310.356322721804
233.89713661186886 493.39892169970926
-108.24327938535993 220.76421094515075
286.8616962929091 401.8476499990201
109.51563184443455 105.82854246854185
145.54598963852868 557.358009741302
165.93415393676108 552.0287261113374
-27.724186724449567 112.27061285505181
287.95511999667434 370.86023817149277
269.8516063204667 445.6766781565799
-101.1294648324689 204.71846664823573
150.6072852133798 121.76618443343159
286.8616962929091 401.8476499990201
-126.17161263241172 310.356322721804
-18.33011863561609 534.9793228981283
241.0810233364222 483.2634461194208
-42.23210451688084 120.72102658237588
145.54598963852868 557.358009741302
259.79766851467514 460.1618574048151
0.7368874009484898 541.4290777666549
-118.04175159041705 380.0094748159727
-64.17355872076604 487.888273366665
89.00484124579305 100.8148558444102
180.37199955753007 537.6680436673868
285.320108516338 271.821738233238
284.4018652417285 317.5848218523316
-87.85220713021056 462.1056483648176
264.33633075897586 226.91373777187783
284.4018652417285 317.5848218523316
-42.23210451688084 120.72102658237588
188.7938514152557 139.09839570795475
-105.7907533771787 427.6236160270768
114.96374319118004 565.351935186249
-121.15705527247343 363.6732379757268
130.07897657182275 115.27493063014333
-120.76435328533137 273.58313898193484
68.51156869006724 97.27873639943516
13.017105786184061 98.65691123680926
287.95511999667434 370.86023817149277
-30.108129690133865 527.2594955242528
75.56112698512982 568.6641654851568
188.7938514152557 139.09839570795475
-78.97928324276216 471.22004504832665
279.1946094097188 248.01466762768598
-105.7907533771787 427.6236160270768
222.66658197381642 162.21637889481985
0.7368874009484898 541.4290777666549
-116.60818002825641 254.49926245718353
259.79766851467514 460.1618574048151
233.89713661186886 493.39892169970926
-83.96171247378635 174.18754310308555
-65.3151394671957 145.17568567185344
145.54598963852868 557.358009741302
129.54173315527368 562.8117901755513
30.552737046093853 99.15489845394791
210.79658361863844 516.3760136100302
-78.29168248297225 159.5778670505656
-55.27871970431971 129.2129392444616
286.8616962929091 401.8476499990201
287.95511999667434 370.86023817149277
235.9584497620734 174.41040674092676
290.6149545629256 348.7797283536667
-83.96171247378635 174.18754310308555
-41.956212916313916 513.6293994337508
53.58903378149586 563.6089799262636
205.0083244134976 151.37542142358484
33.02568905410766 554.1625917646621
275.4165280537874 422.2015990291203
97.49818410293261 570.7642166857368
188.7938514152557 139.09839570795475
49.479598739333824 93.78411588922165
286.8616962929091 401.8476499990201
-41.956212916313916 513.6293994337508
-101.1294648324689 204.71846664823573
-116.60818002825641 254.49926245718353
-53.80429614249397 499.9993033432488
-120.76435328533137 273.58313898193484
233.89713661186886 493.39892169970926
-55.27871970431971 129.2129392444616
259.79766851467514 460.1618574048151
-110.9556680803579 238.41201922550698
279.1946094097188 248.01466762768598
235.9584497620734 174.41040674092676
222.66658197381642 162.21637889481985
-78.29168248297225 159.5778670505656
-30.108129690133865 527.2594955242528
-18.33011863561609 534.9793228981283
130.07897657182275 115.27493063014333
-113.3425190029592 406.7301808450764
-105.7907533771787 427.6236160270768
-78.97928324276216 471.22004504832665
-64.17355872076604 487.888273366665
286.8616962929091 401.8476499990201
169.69180929285994 129.6935064811148
114.96374319118004 565.351935186249
-42.23210451688084 120.72102658237588
109.51563184443455 105.82854246854185
-87.85220713021056 462.1056483648176
-55.27871970431971 129.2129392444616
-42.23210451688084 120.72102658237588
-27.724186724449567 112.27061285505181
205.0083244134976 151.37542142358484
287.95511999667434 370.86023817149277
222.66658197381642 162.21637889481985
-113.3425190029592 406.7301808450764
235.9584497620734 174.41040674092676
-64.17355872076604 487.888273366665
279.1946094097188 248.01466762768598
290.6149545629256 348.7797283536667
145.54598963852868 557.358009741302
-41.956212916313916 513.6293994337508
287.95511999667434 370.86023817149277
-42.23210451688084 120.72102658237588
210.79658361863844 516.3760136100302
180.37199955753007 537.6680436673868
241.0810233364222 483.2634461194208
-110.9556680803579 238.41201922550698
89.00484124579305 100.8148558444102
30.552737046093853 99.15489845394791
-27.724186724449567 112.27061285505181
259.79766851467514 460.1618574048151
68.51156869006724 97.27873639943516
0.7368874009484898 541.4290777666549
285.320108516338 271.821738233238
-78.97928324276216 471.22004504832665
-120.76435328533137 273.58313898193484
264.33633075897586 226.91373777187783
233.89713661186886 493.39892169970926
-27.724186724449567 112.27061285505181
-92.53682963166978 190.19178846523891
-118.04175159041705 380.0094748159727
-126.17161263241172 310.356322721804
-123.4767419803294 291.2309472622911
279.1946094097188 248.01466762768598
-118.04175159041705 380.0094748159727
222.66658197381642 162.21637889481985
13.017105786184061 98.65691123680926
114.96374319118004 565.351935186249
130.07897657182275 115.27493063014333
109.51563184443455 105.82854246854185
89.00484124579305 100.8148558444102
49.479598739333824 93.78411588922165
-121.15705527247343 363.6732379757268
30.552737046093853 99.15489845394791
53.58903378149586 563.6089799262636
210.79658361863844 516.3760136100302
279.1946094097188 248.01466762768598
-41.956212916313916 513.6293994337508
-18.33011863561609 534.9793228981283
256.8020831761109 207.49786976903403
246.36274842617655 189.4765710758238
259.79766851467514 460.1618574048151
286.8616962929091 401.8476499990201
-8.849879159956402 102.46712875285573
-27.724186724449567 112.27061285505181
-78.97928324276216 471.22004504832665
-83.96171247378635 174.18754310308555
-78.29168248297225 159.5778670505656
241.0810233364222 483.2634461194208
13.017105786184061 98.65691123680926
75.56112698512982 568.6641654851568
275.4165280537874 422.2015990291203
129.54173315527368 562.8117901755513
97.49818410293261 570.7642166857368
-8.849879159956402 102.46712875285573
233.89713661186886 493.39892169970926
210.79658361863844 516.3760136100302
-55.27871970431971 129.2129392444616
-65.3151394671957 145.17568567185344
286.8616962929091 401.8476499990201
68.51156869006724 97.27873639943516
145.54598963852868 557.358009741302
180.37199955753007 537.6680436673868
-27.724186724449567 112.27061285505181
286.8616962929091 401.8476499990201
269.8516063204667 445.6766781565799
279.1946094097188 248.01466762768598
188.7938514152557 139.09839570795475
-64.17355872076604 487.888273366665
165.93415393676108 552.0287261113374
-42.23210451688084 120.72102658237588
129.54173315527368 562.8117901755513
150.6072852133798 121.76618443343159
-64.17355872076604 487.888273366665
-18.33011863561609 534.9793228981283
89.00484124579305 100.8148558444102
188.7938514152557 139.09839570795475
-41.956212916313916 513.6293994337508
-116.60818002825641 254.49926245718353
279.1946094097188 248.01466762768598
33.02568905410766 554.1625917646621
109.51563184443455 105.82854246854185
-30.108129690133865 527.2594955242528
246.36274842617655 189.4765710758238
-124.25484091161417 348.81456831463754
-126.17161263241172 310.356322721804
-95.38645471307547 442.6897803619738
264.33633075897586 226.91373777187783
75.56112698512982 568.6641654851568
130.07897657182275 115.27493063014333
129.54173315527368 562.8117901755513
-18.33011863561609 534.9793228981283
-108.24327938535993 220.76421094515075
-83.96171247378635 174.18754310308555
210.79658361863844 516.3760136100302
129.54173315527368 562.8117901755513
259.79766851467514 460.1618574048151
169.69180929285994 129.6935064811148
33.02568905410766 554.1625917646621
49.479598739333824 93.78411588922165
241.0810233364222 483.2634461194208
279.1946094097188 248.01466762768598
285.320108516338 271.821738233238
290.6149545629256 348.7797283536667
287.95511999667434 370.86023817149277
-18.33011863561609 534.9793228981283
53.58903378149586 563.6089799262636
75.56112698512982 568.6641654851568
150.6072852133798 121.76618443343159
-78.97928324276216 471.22004504832665
-92.53682963166978 190.19178846523891
-120.76435328533137 273.58313898193484
-64.17355872076604 487.888273366665
282.71282807883347 298.334949588534
-18.33011863561609 534.9793228981283
284.4018652417285 317.5848218523316
0.7368874009484898 541.4290777666549
235.9584497620734 174.41040674092676
-105.7907533771787 427.6236160270768
256.8020831761109 207.49786976903403
-123.4767419803294 291.2309472622911
-120.76435328533137 273.58313898193484
285.320108516338 271.821738233238
259.79766851467514 460.1618574048151
53.58903378149586 563.6089799262636
114.96374319118004 565.351935186249
-27.724186724449567 112.27061285505181
210.79658361863844 516.3760136100302
-118.04175159041705 380.0094748159727
285.320108516338 271.821738233238
-101.1294648324689 204.71846664823573
284.4018652417285 317.5848218523316
-78.97928324276216 471.22004504832665
-123.4767419803294 291.2309472622911
287.95511999667434 370.86023817149277
75.56112698512982 568.6641654851568
-64.17355872076604 487.888273366665
130.07897657182275 115.27493063014333
0.7368874009484898 541.4290777666549
287.95511999667434 370.86023817149277
284.4018652417285 317.5848218523316
-110.9556680803579 238.41201922550698
246.36274842617655 189.4765710758238
-53.80429614249397 499.9993033432488
169.69180929285994 129.6935064811148
130.07897657182275 115.27493063014333
-108.24327938535993 220.76421094515075
259.79766851467514 460.1618574048151
-92.53682963166978 190.19178846523891
233.89713661186886 493.39892169970926
165.93415393676108 552.0287261113374
180.37199955753007 537.6680436673868
-126.17161263241172 310.356322721804
282.71282807883347 298.334949588534
145.54598963852868 557.358009741302
-55.27871970431971 129.2129392444616
-113.3425190029592 406.7301808450764
290.6149545629256 348.7797283536667
-121.15705527247343 363.6732379757268
-105.7907533771787 427.6236160270768
205.0083244134976 151.37542142358484
222.66658197381642 162.21637889481985
-124.25484091161417 348.81456831463754
287.95511999667434 370.86023817149277
165.93415393676108 552.0287261113374
68.51156869006724 97.27873639943516
210.79658361863844 516.3760136100302
-8.849879159956402 102.46712875285573
13.017105786184061 98.65691123680926
49.479598739333824 93.78411588922165
129.54173315527368 562.8117901755513
33.02568905410766 554.1625917646621
0.7368874009484898 541.4290777666549
241.0810233364222 483.2634461194208
-55.27871970431971 129.2129392444616
205.0083244134976 151.37542142358484
-18.33011863561609 534.9793228981283
246.36274842617655 189.4765710758238
235.9584497620734 174.41040674092676
-78.97928324276216 471.22004504832665
169.69180929285994 129.6935064811148
188.7938514152557 139.09839570795475
-113.3425190029592 406.7301808450764
-8.849879159956402 102.46712875285573
75.56112698512982 568.6641654851568
233.89713661186886 493.39892169970926
-110.9556680803579 238.41201922550698
285.320108516338 271.821738233238
145.54598963852868 557.358009741302
-27.724186724449567 112.27061285505181
97.49818410293261 570.7642166857368
30.552737046093853 99.15489845394791
145.54598963852868 557.358009741302
130.07897657182275 115.27493063014333
53.58903378149586 563.6089799262636
264.33633075897586 226.91373777187783
256.8020831761109 207.49786976903403
-64.17355872076604 487.888273366665
205.0083244134976 151.37542142358484
241.0810233364222 483.2634461194208
269.8516063204667 445.6766781565799
-113.3425190029592 406.7301808450764
285.320108516338 271.821738233238
130.07897657182275 115.27493063014333
-55.27871970431971 129.2129392444616
-108.24327938535993 220.76421094515075
-116.60818002825641 254.49926245718353
89.00484124579305 100.8148558444102
0.7368874009484898 541.4290777666549
188.7938514152557 139.09839570795475
222.66658197381642 162.21637889481985
-95.38645471307547 442.6897803619738
150.6072852133798 121.76618443343159
-78.29168248297225 159.5778670505656
-64.17355872076604 487.888273366665
287.95511999667434 370.86023817149277
-118.04175159041705 380.0094748159727
246.36274842617655 189.4765710758238
145.54598963852868 557.358009741302
-95.38645471307547 442.6897803619738
-108.24327938535993 220.76421094515075
150.6072852133798 121.76618443343159
33.02568905410766 554.1625917646621
210.79658361863844 516.3760136100302
-65.3151394671957 145.17568567185344
233.89713661186886 493.39892169970926
205.0083244134976 151.37542142358484
-121.15705527247343 363.6732379757268
169.69180929285994 129.6935064811148
53.58903378149586 563.6089799262636
-64.17355872076604 487.888273366665
-41.956212916313916 513.6293994337508
256.8020831761109 207.49786976903403
129.54173315527368 562.8117901755513
165.93415393676108 552.0287261113374
75.56112698512982 568.6641654851568
279.1946094097188 248.01466762768598
-87.85220713021056 462.1056483648176
275.4165280537874 422.2015990291203
290.6149545629256 348.7797283536667
-30.108129690133865 527.2594955242528
0.7368874009484898 541.4290777666549
150.6072852133798 121.76618443343159
97.49818410293261 570.7642166857368
256.8020831761109 207.49786976903403
-121.15705527247343 363.6732379757268
-120.76435328533137 273.58313898193484
-105.7907533771787 427.6236160270768
284.4018652417285 317.5848218523316
-83.96171247378635 174.18754310308555
150.6072852133798 121.76618443343159
-30.108129690133865 527.2594955242528
282.71282807883347 298.334949588534
165.93415393676108 552.0287261113374
256.8020831761109 207.49786976903403
205.0083244134976 151.37542142358484
-87.85220713021056 462.1056483648176
286.8616962929091 401.8476499990201
285.320108516338 271.821738233238
-126.17161263241172 310.356322721804
256.8020831761109 207.49786976903403
114.96374319118004 565.351935186249
49.479598739333824 93.78411588922165
30.552737046093853 99.15489845394791
13.017105786184061 98.65691123680926
-42.23210451688084 120.72102658237588
-78.29168248297225 159.5778670505656
-101.1294648324689 204.71846664823573
109.51563184443455 105.82854246854185
53.58903378149586 563.6089799262636
256.8020831761109 207.49786976903403
-87.85220713021056 462.1056483648176
282.71282807883347 298.334949588534
-108.24327938535993 220.76421094515075
290.6149545629256 348.7797283536667
-105.7907533771787 427.6236160270768
-30.108129690133865 527.2594955242528
-110.9556680803579 238.41201922550698
-113.3425190029592 406.7301808450764
-124.25484091161417 348.81456831463754
235.9584497620734 174.41040674092676
285.320108516338 271.821738233238
-64.17355872076604 487.888273366665
109.51563184443455 105.82854246854185
-41.956212916313916 513.6293994337508
222.66658197381642 162.21637889481985
-121.15705527247343 363.6732379757268
-27.724186724449567 112.27061285505181
241.0810233364222 483.2634461194208
275.4165280537874 422.2015990291203
210.79658361863844 516.3760136100302
49.479598739333824 93.78411588922165
-83.96171247378635 174.18754310308555
68.51156869006724 97.27873639943516
33.02568905410766 554.1625917646621
188.7938514152557 139.09839570795475
259.79766851467514 460.1618574048151
264.33633075897586 226.91373777187783
-124.25484091161417 348.81456831463754
279.1946094097188 248.01466762768598
-120.76435328533137 273.58313898193484
284.4018652417285 317.5848218523316
-30.108129690133865 527.2594955242528
286.8616962929091 401.8476499990201
13.017105786184061 98.65691123680926
210.79658361863844 516.3760136100302
97.49818410293261 570.7642166857368
169.69180929285994 129.6935064811148
-41.956212916313916 513.6293994337508
275.4165280537874 422.2015990291203
-95.38645471307547 442.6897803619738
-64.17355872076604 487.888273366665
-78.97928324276216 471.22004504832665
-87.85220713021056 462.1056483648176
-105.7907533771787 427.6236160270768
169.69180929285994 129.6935064811148
75.56112698512982 568.6641654851568
256.8020831761109 207.49786976903403
-113.3425190029592 406.7301808450764
286.8616962929091 401.8476499990201
-95.38645471307547 442.6897803619738
-55.27871970431971 129.2129392444616
-78.29168248297225 159.5778670505656
30.552737046093853 99.15489845394791
-53.80429614249397 499.9993033432488
287.95511999667434 370.86023817149277
-121.15705527247343 363.6732379757268
279.1946094097188 248.01466762768598
256.8020831761109 207.49786976903403
49.479598739333824 93.78411588922165
-78.97928324276216 471.22004504832665
269.8516063204667 445.6766781565799
284.4018652417285 317.5848218523316
-116.60818002825641 254.49926245718353
241.0810233364222 483.2634461194208
53.58903378149586 563.6089799262636
49.479598739333824 93.78411588922165
-87.85220713021056 462.1056483648176
114.96374319118004 565.351935186249
286.8616962929091 401.8476499990201
180.37199955753007 537.6680436673868
-113.3425190029592 406.7301808450764
246.36274842617655 189.4765710758238
-124.46505742660116 331.0837621647582
-123.4767419803294 291.2309472622911
188.7938514152557 139.09839570795475
-95.38645471307547 442.6897803619738
284.4018652417285 317.5848218523316
-113.3425190029592 406.7301808450764
-78.29168248297225 159.5778670505656
-83.96171247378635 174.18754310308555
241.0810233364222 483.2634461194208
-8.849879159956402 102.46712875285573
145.54598963852868 557.358009741302
89.00484124579305 100.8148558444102
130.07897657182275 115.27493063014333
-30.108129690133865 527.2594955242528
-18.33011863561609 534.9793228981283
235.9584497620734 174.41040674092676
205.0083244134976 151.37542142358484
150.6072852133798 121.76618443343159
109.51563184443455 105.82854246854185
97.49818410293261 570.7642166857368
-30.108129690133865 527.2594955242528
264.33633075897586 226.91373777187783
285.320108516338 271.821738233238
-87.85220713021056 462.1056483648176
222.66658197381642 162.21637889481985
235.9584497620734 174.41040674092676
-118.04175159041705 380.0094748159727
256.8020831761109 207.49786976903403
145.54598963852868 557.358009741302
49.479598739333824 93.78411588922165
-110.9556680803579 238.41201922550698
282.71282807883347 298.334949588534
0.7368874009484898 541.4290777666549
169.69180929285994 129.6935064811148
-64.17355872076604 487.888273366665
145.54598963852868 557.358009741302
264.33633075897586 226.91373777187783
246.36274842617655 189.4765710758238
150.6072852133798 121.76618443343159
-18.33011863561609 534.9793228981283
109.51563184443455 105.82854246854185
89.00484124579305 100.8148558444102
75.56112698512982 568.6641654851568
30.552737046093853 99.15489845394791
114.96374319118004 565.351935186249
129.54173315527368 562.8117901755513
13.017105786184061 98.65691123680926
0.7368874009484898 541.4290777666549
279.1946094097188 248.01466762768598
-113.3425190029592 406.7301808450764
-105.7907533771787 427.6236160270768
259.79766851467514 460.1618574048151
286.8616962929091 401.8476499990201
275.4165280537874 422.2015990291203
0.7368874009484898 541.4290777666549
-42.23210451688084 120.72102658237588
233.89713661186886 493.39892169970926
-78.29168248297225 159.5778670505656
-8.849879159956402 102.46712875285573
68.51156869006724 97.27873639943516
-110.9556680803579 238.41201922550698
-95.38645471307547 442.6897803619738
285.320108516338 271.821738233238
165.93415393676108 552.0287261113374
210.79658361863844 516.3760136100302
235.9584497620734 174.41040674092676
-41.956212916313916 513.6293994337508
49.479598739333824 93.78411588922165
-64.17355872076604 487.888273366665
246.36274842617655 189.4765710758238
114.96374319118004 565.351935186249
233.89713661186886 493.39892169970926
241.0810233364222 483.2634461194208
290.6149545629256 348.7797283536667
286.8616962929091 401.8476499990201
264.33633075897586 226.91373777187783
33.02568905410766 554.1625917646621
53.58903378149586 563.6089799262636
279.1946094097188 248.01466762768598
-126.17161263241172 310.356322721804
-123.4767419803294 291.2309472622911
284.4018652417285 317.5848218523316
-124.25484091161417 348.81456831463754
-8.849879159956402 102.46712875285573
-118.04175159041705 380.0094748159727
290.6149545629256 348.7797283536667
-53.80429614249397 499.9993033432488
275.4165280537874 422.2015990291203
53.58903378149586 563.6089799262636
150.6072852133798 121.76618443343159
169.69180929285994 129.6935064811148
188.7938514152557 139.09839570795475
-53.80429614249397 499.9993033432488
150.6072852133798 121.76618443343159
269.8516063204667 445.6766781565799
259.79766851467514 460.1618574048151
150.6072852133798 121.76618443343159
-8.849879159956402 102.46712875285573
-121.15705527247343 363.6732379757268
235.9584497620734 174.41040674092676
246.36274842617655 189.4765710758238
-105.7907533771787 427.6236160270768
-78.97928324276216 471.22004504832665
246.36274842617655 189.4765710758238
256.8020831761109 207.49786976903403
-108.24327938535993 220.76421094515075
-101.1294648324689 204.71846664823573
-42.23210451688084 120.72102658237588
-55.27871970431971 129.2129392444616
-124.25484091161417 348.81456831463754
285.320108516338 271.821738233238
256.8020831761109 207.49786976903403
-30.108129690133865 527.2594955242528
-87.85220713021056 462.1056483648176
30.552737046093853 99.15489845394791
-78.97928324276216 471.22004504832665
-101.1294648324689 204.71846664823573
-18.33011863561609 534.9793228981283
290.6149545629256 348.7797283536667
-92.53682963166978 190.19178846523891
241.0810233364222 483.2634461194208
-101.1294648324689 204.71846664823573
13.017105786184061 98.65691123680926
-8.849879159956402 102.46712875285573
33.02568905410766 554.1625917646621
-30.108129690133865 527.2594955242528
114.96374319118004 565.351935186249
290.6149545629256 348.7797283536667
-124.46505742660116 331.0837621647582
-27.724186724449567 112.27061285505181
-42.23210451688084 120.72102658237588
68.51156869006724 97.27873639943516
129.54173315527368 562.8117901755513
180.37199955753007 537.6680436673868
282.71282807883347 298.334949588534
-105.7907533771787 427.6236160270768
49.479598739333824 93.78411588922165
97.49818410293261 570.7642166857368
75.56112698512982 568.6641654851568
68.51156869006724 97.27873639943516
150.6072852133798 121.76618443343159
275.4165280537874 422.2015990291203
-105.7907533771787 427.6236160270768
68.51156869006724 97.27873639943516
13.017105786184061 98.65691123680926
97.49818410293261 570.7642166857368
114.96374319118004 565.351935186249
235.9584497620734 174.41040674092676
269.8516063204667 445.6766781565799
165.93415393676108 552.0287261113374
-124.25484091161417 348.81456831463754
210.79658361863844 516.3760136100302
-121.15705527247343 363.6732379757268
285.320108516338 271.821738233238
-123.4767419803294 291.2309472622911
-120.76435328533137 273.58313898193484
-116.60818002825641 254.49926245718353
-83.96171247378635 174.18754310308555
264.33633075897586 226.91373777187783
-78.29168248297225 159.5778670505656
53.58903378149586 563.6089799262636
-27.724186724449567 112.27061285505181
0.7368874009484898 541.4290777666549
109.51563184443455 105.82854246854185
285.320108516338 271.821738233238
210.79658361863844 516.3760136100302
205.0083244134976 151.37542142358484
0.7368874009484898 541.4290777666549
290.6149545629256 348.7797283536667
284.4018652417285 317.5848218523316
-41.956212916313916 513.6293994337508
205.0083244134976 151.37542142358484
-95.38645471307547 442.6897803619738
282.71282807883347 298.334949588534
-78.97928324276216 471.22004504832665
205.0083244134976 151.37542142358484
165.93415393676108 552.0287261113374
235.9584497620734 174.41040674092676
145.54598963852868 557.358009741302
222.66658197381642 162.21637889481985
165.93415393676108 552.0287261113374
264.33633075897586 226.91373777187783
-126.17161263241172 310.356322721804
287.95511999667434 370.86023817149277
-108.24327938535993 220.76421094515075
-126.17161263241172 310.356322721804
-55.27871970431971 129.2129392444616
150.6072852133798 121.76618443343159
-126.17161263241172 310.356322721804
169.69180929285994 129.6935064811148
-87.85220713021056 462.1056483648176
269.8516063204667 445.6766781565799
286.8616962929091 401.8476499990201
-18.33011863561609 534.9793228981283
97.49818410293261 570.7642166857368
89.00484124579305 100.8148558444102
33.02568905410766 554.1625917646621
259.79766851467514 460.1618574048151
284.4018652417285 317.5848218523316
-108.24327938535993 220.76421094515075
241.0810233364222 483.2634461194208
-65.3151394671957 145.17568567185344
53.58903378149586 563.6089799262636
-87.85220713021056 462.1056483648176
188.7938514152557 139.09839570795475
-110.9556680803579 238.41201922550698
290.6149545629256 348.7797283536667
-41.956212916313916 513.6293994337508
264.33633075897586 226.91373777187783
-113.3425190029592 406.7301808450764
210.79658361863844 516.3760136100302
287.95511999667434 370.86023817149277
-78.97928324276216 471.22004504832665
256.8020831761109 207.49786976903403
180.37199955753007 537.6680436673868
-118.04175159041705 380.0094748159727
286.8616962929091 401.8476499990201
-78.97928324276216 471.22004504832665
68.51156869006724 97.27873639943516
49.479598739333824 93.78411588922165
-95.38645471307547 442.6897803619738
68.51156869006724 97.27873639943516
114.96374319118004 565.351935186249
-8.849879159956402 102.46712875285573
-27.724186724449567 112.27061285505181
-41.956212916313916 513.6293994337508
89.00484124579305 100.8148558444102
-55.27871970431971 129.2129392444616
33.02568905410766 554.1625917646621
282.71282807883347 298.334949588534
-123.4767419803294 291.2309472622911
264.33633075897586 226.91373777187783
-64.17355872076604 487.888273366665
233.89713661186886 493.39892169970926
259.79766851467514 460.1618574048151
222.66658197381642 162.21637889481985
-53.80429614249397 499.9993033432488
-18.33011863561609 534.9793228981283
188.7938514152557 139.09839570795475
241.0810233364222 483.2634461194208
33.02568905410766 554.1625917646621
269.8516063204667 445.6766781565799
-95.38645471307547 442.6897803619738
-113.3425190029592 406.7301808450764
49.479598739333824 93.78411588922165
30.552737046093853 99.15489845394791
-41.956212916313916 513.6293994337508
-18.33011863561609 534.9793228981283
222.66658197381642 162.21637889481985
129.54173315527368 562.8117901755513
246.36274842617655 189.4765710758238
-108.24327938535993 220.76421094515075
-92.53682963166978 190.19178846523891
114.96374319118004 565.351935186249
-78.29168248297225 159.5778670505656
169.69180929285994 129.6935064811148
233.89713661186886 493.39892169970926
210.79658361863844 516.3760136100302
-95.38645471307547 442.6897803619738
235.9584497620734 174.41040674092676
279.1946094097188 248.01466762768598
285.320108516338 271.821738233238
-8.849879159956402 102.46712875285573
0.7368874009484898 541.4290777666549
286.8616962929091 401.8476499990201
282.71282807883347 298.334949588534
279.1946094097188 248.01466762768598
-124.46505742660116 331.0837621647582
287.95511999667434 370.86023817149277
-55.27871970431971 129.2129392444616
-8.849879159956402 102.46712875285573
53.58903378149586 563.6089799262636
75.56112698512982 568.6641654851568
109.51563184443455 105.82854246854185
130.07897657182275 115.27493063014333
-8.849879159956402 102.46712875285573
205.0083244134976 151.37542142358484
145.54598963852868 557.358009741302
241.0810233364222 483.2634461194208
-118.04175159041705 380.0094748159727
275.4165280537874 422.2015990291203
-18.33011863561609 534.9793228981283
-78.97928324276216 471.22004504832665
275.4165280537874 422.2015990291203
188.7938514152557 139.09839570795475
-120.76435328533137 273.58313898193484
246.36274842617655 189.4765710758238
-92.53682963166978 190.19178846523891
256.8020831761109 207.49786976903403
-124.46505742660116 331.0837621647582
169.69180929285994 129.6935064811148
-30.108129690133865 527.2594955242528
-108.24327938535993 220.76421094515075
-124.25484091161417 348.81456831463754
-126.17161263241172 310.356322721804
235.9584497620734 174.41040674092676
129.54173315527368 562.8117901755513
264.33633075897586 226.91373777187783
97.49818410293261 570.7642166857368
233.89713661186886 493.39892169970926
-124.46505742660116 331.0837621647582
89.00484124579305 100.8148558444102
114.96374319118004 565.351935186249
-83.96171247378635 174.18754310308555
75.56112698512982 568.6641654851568
49.479598739333824 93.78411588922165
-101.1294648324689 204.71846664823573
290.6149545629256 348.7797283536667
-124.25484091161417 348.81456831463754
89.00484124579305 100.8148558444102
-83.96171247378635 174.18754310308555
-42.23210451688084 120.72102658237588
33.02568905410766 554.1625917646621
-101.1294648324689 204.71846664823573
188.7938514152557 139.09839570795475
235.9584497620734 174.41040674092676
180.37199955753007 537.6680436673868
188.7938514152557 139.09839570795475
285.320108516338 271.821738233238
290.6149545629256 348.7797283536667
-123.4767419803294 291.2309472622911
205.0083244134976 151.37542142358484
-53.80429614249397 499.9993033432488
-110.9556680803579 238.41201922550698
235.9584497620734 174.41040674092676
-116.60818002825641 254.49926245718353
282.71282807883347 298.334949588534
-124.25484091161417 348.81456831463754
145.54598963852868 557.358009741302
53.58903378149586 563.6089799262636
68.51156869006724 97.27873639943516
-87.85220713021056 462.1056483648176
-95.38645471307547 442.6897803619738
-53.80429614249397 499.9993033432488
284.4018652417285 317.5848218523316
275.4165280537874 422.2015990291203
259.79766851467514 460.1618574048151
-41.956212916313916 513.6293994337508
-42.23210451688084 120.72102658237588
-30.108129690133865 527.2594955242528
275.4165280537874 422.2015990291203
-113.3425190029592 406.7301808450764
-123.4767419803294 291.2309472622911
165.93415393676108 552.0287261113374
241.0810233364222 483.2634461194208
-78.97928324276216 471.22004504832665
264.33633075897586 226.91373777187783
279.1946094097188 248.01466762768598
290.6149545629256 348.7797283536667
-64.17355872076604 487.888273366665
13.017105786184061 98.65691123680926
-30.108129690133865 527.2594955242528
-8.849879159956402 102.46712875285573
-110.9556680803579 238.41201922550698
145.54598963852868 557.358009741302
114.96374319118004 565.351935186249
287.95511999667434 370.86023817149277
269.8516063204667 445.6766781565799
259.79766851467514 460.1618574048151
286.8616962929091 401.8476499990201
-123.4767419803294 291.2309472622911
235.9584497620734 174.41040674092676
-87.85220713021056 462.1056483648176
287.95511999667434 370.86023817149277
-92.53682963166978 190.19178846523891
205.0083244134976 151.37542142358484
129.54173315527368 562.8117901755513
97.49818410293261 570.7642166857368
279.1946094097188 248.01466762768598
114.96374319118004 565.351935186249
210.79658361863844 516.3760136100302
-78.97928324276216 471.22004504832665
233.89713661186886 493.39892169970926
-118.04175159041705 380.0094748159727
264.33633075897586 226.91373777187783
235.9584497620734 174.41040674092676
-83.96171247378635 174.18754310308555
53.58903378149586 563.6089799262636
-18.33011863561609 534.9793228981283
114.96374319118004 565.351935186249
264.33633075897586 226.91373777187783
-105.7907533771787 427.6236160270768
285.320108516338 271.821738233238
-124.46505742660116 331.0837621647582
259.79766851467514 460.1618574048151
130.07897657182275 115.27493063014333
269.8516063204667 445.6766781565799
210.79658361863844 516.3760136100302
-124.46505742660116 331.0837621647582
68.51156869006724 97.27873639943516
-113.3425190029592 406.7301808450764
282.71282807883347 298.334949588534
233.89713661186886 493.39892169970926
-95.38645471307547 442.6897803619738
259.79766851467514 460.1618574048151
109.51563184443455 105.82854246854185
68.51156869006724 97.27873639943516
-64.17355872076604 487.888273366665
222.66658197381642 162.21637889481985
-116.60818002825641 254.49926245718353
-108.24327938535993 220.76421094515075
-101.1294648324689 204.71846664823573
256.8020831761109 207.49786976903403
-53.80429614249397 499.9993033432488
279.1946094097188 248.01466762768598
-55.27871970431971 129.2129392444616
53.58903378149586 563.6089799262636
-92.53682963166978 190.19178846523891
264.33633075897586 226.91373777187783
-53.80429614249397 499.9993033432488
97.49818410293261 570.7642166857368
246.36274842617655 189.4765710758238
75.56112698512982 568.6641654851568
-55.27871970431971 129.2129392444616
-101.1294648324689 204.71846664823573
53.58903378149586 563.6089799262636
89.00484124579305 100.8148558444102
-53.80429614249397 499.9993033432488
68.51156869006724 97.27873639943516
188.7938514152557 139.09839570795475
222.66658197381642 162.21637889481985
241.0810233364222 483.2634461194208
-87.85220713021056 462.1056483648176
-105.7907533771787 427.6236160270768
30.552737046093853 99.15489845394791
109.51563184443455 105.82854246854185
-113.3425190029592 406.7301808450764
-124.25484091161417 348.81456831463754
68.51156869006724 97.27873639943516
-118.04175159041705 380.0094748159727
89.00484124579305 100.8148558444102
-30.108129690133865 527.2594955242528
205.0083244134976 151.37542142358484
-116.60818002825641 254.49926245718353
290.6149545629256 348.7797283536667
