-126.17161263241172 310.356322721804
235.9584497620734 174.41040674092676
222.66658197381642 162.21637889481985
-42.23210451688084 120.72102658237588
256.8020831761109 207.49786976903403
-27.724186724449567 112.27061285505181
-8.849879159956402 102.46712875285573
264.33633075897586 226.91373777187783
-42.23210451688084 120.72102658237588
246.36274842617655 189.4765710758238
205.0083244134976 151.37542142358484
-27.724186724449567 112.27061285505181
246.36274842617655 189.4765710758238
-65.3151394671957 145.17568567185344
264.33633075897586 226.91373777187783
-83.96171247378635 174.18754310308555
246.36274842617655 189.4765710758238
279.1946094097188 248.01466762768598
-42.23210451688084 120.72102658237588
235.9584497620734 174.41040674092676
-65.3151394671957 145.17568567185344
256.8020831761109 207.49786976903403
-83.96171247378635 174.18754310308555
205.0083244134976 151.37542142358484
-55.27871970431971 129.2129392444616
256.8020831761109 207.49786976903403
-92.53682963166978 190.19178846523891
264.33633075897586 226.91373777187783
-78.29168248297225 159.5778670505656
235.9584497620734 174.41040674092676
-27.724186724449567 112.27061285505181
279.1946094097188 248.01466762768598
-55.27871970431971 129.2129392444616
246.36274842617655 189.4765710758238
-78.29168248297225 159.5778670505656
279.1946094097188 248.01466762768598
-65.3151394671957 145.17568567185344
205.0083244134976 151.37542142358484
-105.7907533771787 427.6236160270768
-95.38645471307547 442.6897803619738
-87.85220713021056 462.1056483648176
-18.33011863561609 534.9793228981283
-105.7907533771787 427.6236160270768
275.4165280537874 422.2015990291203
-113.3425190029592 406.7301808450764
-18.33011863561609 534.9793228981283
-95.38645471307547 442.6897803619738
275.4165280537874 422.2015990291203
-87.85220713021056 462.1056483648176
-30.108129690133865 527.2594955242528
-95.38645471307547 442.6897803619738
169.69180929285994 129.6935064811148
-78.97928324276216 471.22004504832665
130.07897657182275 115.27493063014333
-53.80429614249397 499.9993033432488
109.51563184443455 105.82854246854185
-64.17355872076604 487.888273366665
130.07897657182275 115.27493063014333
-87.85220713021056 462.1056483648176
-105.7907533771787 427.6236160270768
269.8516063204667 445.6766781565799
-113.3425190029592 406.7301808450764
-30.108129690133865 527.2594955242528
68.51156869006724 97.27873639943516
-41.956212916313916 513.6293994337508
89.00484124579305 100.8148558444102
-64.17355872076604 487.888273366665
150.6072852133798 121.76618443343159
-78.97928324276216 471.22004504832665
109.51563184443455 105.82854246854185
-41.956212916313916 513.6293994337508
49.479598739333824 93.78411588922165
0.7368874009484898 541.4290777666549
97.49818410293261 570.7642166857368
-27.724186724449567 112.27061285505181
222.66658197381642 162.21637889481985
188.7938514152557 139.09839570795475
-95.38645471307547 442.6897803619738
150.6072852133798 121.76618443343159
-87.85220713021056 462.1056483648176
109.51563184443455 105.82854246854185
279.1946094097188 248.01466762768598
222.66658197381642 162.21637889481985
-83.96171247378635 174.18754310308555
279.1946094097188 248.01466762768598
188.7938514152557 139.09839570795475
-83.96171247378635 174.18754310308555
235.9584497620734 174.41040674092676
-55.27871970431971 129.2129392444616
13.017105786184061 98.65691123680926
53.58903378149586 563.6089799262636
75.56112698512982 568.6641654851568
-8.849879159956402 102.46712875285573
53.58903378149586 563.6089799262636
33.02568905410766 554.1625917646621
30.552737046093853 99.15489845394791
53.58903378149586 563.6089799262636
165.93415393676108 552.0287261113374
33.02568905410766 554.1625917646621
13.017105786184061 98.65691123680926
279.1946094097188 248.01466762768598
-8.849879159956402 102.46712875285573
97.49818410293261 570.7642166857368
-105.7907533771787 427.6236160270768
0.7368874009484898 541.4290777666549
68.51156869006724 97.27873639943516
-64.17355872076604 487.888273366665
275.4165280537874 422.2015990291203
-78.97928324276216 471.22004504832665
89.00484124579305 100.8148558444102
-53.80429614249397 499.9993033432488
-95.38645471307547 442.6897803619738
130.07897657182275 115.27493063014333
-41.956212916313916 513.6293994337508
275.4165280537874 422.2015990291203
-53.80429614249397 499.9993033432488
150.6072852133798 121.76618443343159
264.33633075897586 226.91373777187783
205.0083244134976 151.37542142358484
-8.849879159956402 102.46712875285573
256.8020831761109 207.49786976903403
-78.29168248297225 159.5778670505656
222.66658197381642 162.21637889481985
-92.53682963166978 190.19178846523891
246.36274842617655 189.4765710758238
235.9584497620734 174.41040674092676
-8.849879159956402 102.46712875285573
-65.3151394671957 145.17568567185344
145.54598963852868 557.358009741302
-105.7907533771787 427.6236160270768
165.93415393676108 552.0287261113374
-18.33011863561609 534.9793228981283
114.96374319118004 565.351935186249
-42.23210451688084 120.72102658237588
205.0083244134976 151.37542142358484
-95.38645471307547 442.6897803619738
75.56112698512982 568.6641654851568
-27.724186724449567 112.27061285505181
264.33633075897586 226.91373777187783
-55.27871970431971 129.2129392444616
129.54173315527368 562.8117901755513
-42.23210451688084 120.72102658237588
-27.724186724449567 112.27061285505181
114.96374319118004 565.351935186249
-113.3425190029592 406.7301808450764
259.79766851467514 460.1618574048151
-105.7907533771787 427.6236160270768
-78.97928324276216 471.22004504832665
188.7938514152557 139.09839570795475
-87.85220713021056 462.1056483648176
169.69180929285994 129.6935064811148
285.320108516338 271.821738233238
256.8020831761109 207.49786976903403
188.7938514152557 139.09839570795475
285.320108516338 271.821738233238
89.00484124579305 100.8148558444102
-30.108129690133865 527.2594955242528
109.51563184443455 105.82854246854185
264.33633075897586 226.91373777187783
30.552737046093853 99.15489845394791
-53.80429614249397 499.9993033432488
68.51156869006724 97.27873639943516
-18.33011863561609 534.9793228981283
-118.04175159041705 380.0094748159727
269.8516063204667 445.6766781565799
-121.15705527247343 363.6732379757268
180.37199955753007 537.6680436673868
0.7368874009484898 541.4290777666549
286.8616962929091 401.8476499990201
-87.85220713021056 462.1056483648176
89.00484124579305 100.8148558444102
279.1946094097188 248.01466762768598
-92.53682963166978 190.19178846523891
235.9584497620734 174.41040674092676
205.0083244134976 151.37542142358484
-92.53682963166978 190.19178846523891
130.07897657182275 115.27493063014333
-83.96171247378635 174.18754310308555
-8.849879159956402 102.46712875285573
246.36274842617655 189.4765710758238
264.33633075897586 226.91373777187783
169.69180929285994 129.6935064811148
-64.17355872076604 487.888273366665
165.93415393676108 552.0287261113374
-113.3425190029592 406.7301808450764
180.37199955753007 537.6680436673868
33.02568905410766 554.1625917646621
75.56112698512982 568.6641654851568
97.49818410293261 570.7642166857368
-113.3425190029592 406.7301808450764
53.58903378149586 563.6089799262636
-18.33011863561609 534.9793228981283
286.8616962929091 401.8476499990201
-95.38645471307547 442.6897803619738
269.8516063204667 445.6766781565799
-124.25484091161417 348.81456831463754
180.37199955753007 537.6680436673868
-95.38645471307547 442.6897803619738
114.96374319118004 565.351935186249
33.02568905410766 554.1625917646621
-8.849879159956402 102.46712875285573
-55.27871970431971 129.2129392444616
-78.29168248297225 159.5778670505656
-101.1294648324689 204.71846664823573
264.33633075897586 226.91373777187783
49.479598739333824 93.78411588922165
-53.80429614249397 499.9993033432488
129.54173315527368 562.8117901755513
0.7368874009484898 541.4290777666549
-113.3425190029592 406.7301808450764
275.4165280537874 422.2015990291203
-30.108129690133865 527.2594955242528
145.54598963852868 557.358009741302
-55.27871970431971 129.2129392444616
222.66658197381642 162.21637889481985
-105.7907533771787 427.6236160270768
188.7938514152557 139.09839570795475
-55.27871970431971 129.2129392444616
285.320108516338 271.821738233238
-8.849879159956402 102.46712875285573
114.96374319118004 565.351935186249
-55.27871970431971 129.2129392444616
30.552737046093853 99.15489845394791
279.1946094097188 248.01466762768598
130.07897657182275 115.27493063014333
-30.108129690133865 527.2594955242528
286.8616962929091 401.8476499990201
-78.97928324276216 471.22004504832665
-41.956212916313916 513.6293994337508
30.552737046093853 99.15489845394791
256.8020831761109 207.49786976903403
150.6072852133798 121.76618443343159
-92.53682963166978 190.19178846523891
188.7938514152557 139.09839570795475
-65.3151394671957 145.17568567185344
13.017105786184061 98.65691123680926
75.56112698512982 568.6641654851568
30.552737046093853 99.15489845394791
0.7368874009484898 541.4290777666549
89.00484124579305 100.8148558444102
256.8020831761109 207.49786976903403
-101.1294648324689 204.71846664823573
246.36274842617655 189.4765710758238
222.66658197381642 162.21637889481985
-95.38645471307547 442.6897803619738
165.93415393676108 552.0287261113374
-78.97928324276216 471.22004504832665
68.51156869006724 97.27873639943516
285.320108516338 271.821738233238
-27.724186724449567 112.27061285505181
165.93415393676108 552.0287261113374
-78.29168248297225 159.5778670505656
285.320108516338 271.821738233238
-65.3151394671957 145.17568567185344
222.66658197381642 162.21637889481985
188.7938514152557 139.09839570795475
-27.724186724449567 112.27061285505181
129.54173315527368 562.8117901755513
-113.3425190029592 406.7301808450764
233.89713661186886 493.39892169970926
-118.04175159041705 380.0094748159727
259.79766851467514 460.1618574048151
-124.46505742660116 331.0837621647582
180.37199955753007 537.6680436673868
-105.7907533771787 427.6236160270768
33.02568905410766 554.1625917646621
-78.97928324276216 471.22004504832665
97.49818410293261 570.7642166857368
129.54173315527368 562.8117901755513
-105.7907533771787 427.6236160270768
275.4165280537874 422.2015990291203
-118.04175159041705 380.0094748159727
210.79658361863844 516.3760136100302
-113.3425190029592 406.7301808450764
-87.85220713021056 462.1056483648176
205.0083244134976 151.37542142358484
-78.97928324276216 471.22004504832665
114.96374319118004 565.351935186249
53.58903378149586 563.6089799262636
-105.7907533771787 427.6236160270768
235.9584497620734 174.41040674092676
264.33633075897586 226.91373777187783
13.017105786184061 98.65691123680926
145.54598963852868 557.358009741302
30.552737046093853 99.15489845394791
-65.3151394671957 145.17568567185344
-55.27871970431971 129.2129392444616
150.6072852133798 121.76618443343159
246.36274842617655 189.4765710758238
49.479598739333824 93.78411588922165
33.02568905410766 554.1625917646621
145.54598963852868 557.358009741302
-113.3425190029592 406.7301808450764
75.56112698512982 568.6641654851568
109.51563184443455 105.82854246854185
-18.33011863561609 534.9793228981283
89.00484124579305 100.8148558444102
264.33633075897586 226.91373777187783
130.07897657182275 115.27493063014333
97.49818410293261 570.7642166857368
-42.23210451688084 120.72102658237588
285.320108516338 271.821738233238
279.1946094097188 248.01466762768598
256.8020831761109 207.49786976903403
-108.24327938535993 220.76421094515075
264.33633075897586 226.91373777187783
68.51156869006724 97.27873639943516
114.96374319118004 565.351935186249
-105.7907533771787 427.6236160270768
169.69180929285994 129.6935064811148
-53.80429614249397 499.9993033432488
286.8616962929091 401.8476499990201
-41.956212916313916 513.6293994337508
-18.33011863561609 534.9793228981283
30.552737046093853 99.15489845394791
-64.17355872076604 487.888273366665
286.8616962929091 401.8476499990201
33.02568905410766 554.1625917646621
68.51156869006724 97.27873639943516
279.1946094097188 248.01466762768598
49.479598739333824 93.78411588922165
-18.33011863561609 534.9793228981283
180.37199955753007 537.6680436673868
129.54173315527368 562.8117901755513
165.93415393676108 552.0287261113374
-8.849879159956402 102.46712875285573
129.54173315527368 562.8117901755513
109.51563184443455 105.82854246854185
150.6072852133798 121.76618443343159
285.320108516338 271.821738233238
-83.96171247378635 174.18754310308555
-65.3151394671957 145.17568567185344
-27.724186724449567 112.27061285505181
53.58903378149586 563.6089799262636
-87.85220713021056 462.1056483648176
222.66658197381642 162.21637889481985
-101.1294648324689 204.71846664823573
235.9584497620734 174.41040674092676
129.54173315527368 562.8117901755513
49.479598739333824 93.78411588922165
-64.17355872076604 487.888273366665
-95.38645471307547 442.6897803619738
275.4165280537874 422.2015990291203
0.7368874009484898 541.4290777666549
145.54598963852868 557.358009741302
-42.23210451688084 120.72102658237588
150.6072852133798 121.76618443343159
-83.96171247378635 174.18754310308555
-92.53682963166978 190.19178846523891
169.69180929285994 129.6935064811148
256.8020831761109 207.49786976903403
109.51563184443455 105.82854246854185
-95.38645471307547 442.6897803619738
235.9584497620734 174.41040674092676
97.49818410293261 570.7642166857368
89.00484124579305 100.8148558444102
145.54598963852868 557.358009741302
-118.04175159041705 380.0094748159727
180.37199955753007 537.6680436673868
-41.956212916313916 513.6293994337508
13.017105786184061 98.65691123680926
49.479598739333824 93.78411588922165
-78.29168248297225 159.5778670505656
13.017105786184061 98.65691123680926
285.320108516338 271.821738233238
222.66658197381642 162.21637889481985
145.54598963852868 557.358009741302
-27.724186724449567 112.27061285505181
13.017105786184061 98.65691123680926
97.49818410293261 570.7642166857368
33.02568905410766 554.1625917646621
-113.3425190029592 406.7301808450764
241.0810233364222 483.2634461194208
-105.7907533771787 427.6236160270768
286.8616962929091 401.8476499990201
275.4165280537874 422.2015990291203
-18.33011863561609 534.9793228981283
-30.108129690133865 527.2594955242528
165.93415393676108 552.0287261113374
-118.04175159041705 380.0094748159727
-30.108129690133865 527.2594955242528
49.479598739333824 93.78411588922165
285.320108516338 271.821738233238
30.552737046093853 99.15489845394791
-30.108129690133865 527.2594955242528
-8.849879159956402 102.46712875285573
180.37199955753007 537.6680436673868
-83.96171247378635 174.18754310308555
109.51563184443455 105.82854246854185
285.320108516338 271.821738233238
130.07897657182275 115.27493063014333
33.02568905410766 554.1625917646621
129.54173315527368 562.8117901755513
-65.3151394671957 145.17568567185344
165.93415393676108 552.0287261113374
49.479598739333824 93.78411588922165
53.58903378149586 563.6089799262636
0.7368874009484898 541.4290777666549
-95.38645471307547 442.6897803619738
-78.97928324276216 471.22004504832665
180.37199955753007 537.6680436673868
-27.724186724449567 112.27061285505181
49.479598739333824 93.78411588922165
97.49818410293261 570.7642166857368
-118.04175159041705 380.0094748159727
241.0810233364222 483.2634461194208
-123.4767419803294 291.2309472622911
180.37199955753007 537.6680436673868
222.66658197381642 162.21637889481985
205.0083244134976 151.37542142358484
-41.956212916313916 513.6293994337508
-87.85220713021056 462.1056483648176
-105.7907533771787 427.6236160270768
150.6072852133798 121.76618443343159
75.56112698512982 568.6641654851568
-118.04175159041705 380.0094748159727
129.54173315527368 562.8117901755513
89.00484124579305 100.8148558444102
68.51156869006724 97.27873639943516
75.56112698512982 568.6641654851568
-42.23210451688084 120.72102658237588
-55.27871970431971 129.2129392444616
97.49818410293261 570.7642166857368
30.552737046093853 99.15489845394791
-92.53682963166978 190.19178846523891
-78.29168248297225 159.5778670505656
205.0083244134976 151.37542142358484
279.1946094097188 248.01466762768598
150.6072852133798 121.76618443343159
33.02568905410766 554.1625917646621
-27.724186724449567 112.27061285505181
-42.23210451688084 120.72102658237588
282.71282807883347 298.334949588534
-83.96171247378635 174.18754310308555
13.017105786184061 98.65691123680926
-53.80429614249397 499.9993033432488
205.0083244134976 151.37542142358484
-101.1294648324689 204.71846664823573
188.7938514152557 139.09839570795475
-64.17355872076604 487.888273366665
75.56112698512982 568.6641654851568
-105.7907533771787 427.6236160270768
246.36274842617655 189.4765710758238
188.7938514152557 139.09839570795475
-30.108129690133865 527.2594955242528
180.37199955753007 537.6680436673868
-110.9556680803579 238.41201922550698
246.36274842617655 189.4765710758238
256.8020831761109 207.49786976903403
-116.60818002825641 254.49926245718353
180.37199955753007 537.6680436673868
75.56112698512982 568.6641654851568
235.9584497620734 174.41040674092676
165.93415393676108 552.0287261113374
13.017105786184061 98.65691123680926
-64.17355872076604 487.888273366665
205.0083244134976 151.37542142358484
285.320108516338 271.821738233238
235.9584497620734 174.41040674092676
68.51156869006724 97.27873639943516
165.93415393676108 552.0287261113374
222.66658197381642 162.21637889481985
-53.80429614249397 499.9993033432488
33.02568905410766 554.1625917646621
275.4165280537874 422.2015990291203
-87.85220713021056 462.1056483648176
269.8516063204667 445.6766781565799
286.8616962929091 401.8476499990201
-113.3425190029592 406.7301808450764
-41.956212916313916 513.6293994337508
150.6072852133798 121.76618443343159
97.49818410293261 570.7642166857368
75.56112698512982 568.6641654851568
53.58903378149586 563.6089799262636
130.07897657182275 115.27493063014333
-101.1294648324689 204.71846664823573
49.479598739333824 93.78411588922165
145.54598963852868 557.358009741302
-78.29168248297225 159.5778670505656
-55.27871970431971 129.2129392444616
-101.1294648324689 204.71846664823573
169.69180929285994 129.6935064811148
-83.96171247378635 174.18754310308555
49.479598739333824 93.78411588922165
75.56112698512982 568.6641654851568
130.07897657182275 115.27493063014333
109.51563184443455 105.82854246854185
-92.53682963166978 190.19178846523891
13.017105786184061 98.65691123680926
-30.108129690133865 527.2594955242528
129.54173315527368 562.8117901755513
-87.85220713021056 462.1056483648176
180.37199955753007 537.6680436673868
205.0083244134976 151.37542142358484
-113.3425190029592 406.7301808450764
-105.7907533771787 427.6236160270768
233.89713661186886 493.39892169970926
-121.15705527247343 363.6732379757268
259.79766851467514 460.1618574048151
-124.25484091161417 348.81456831463754
210.79658361863844 516.3760136100302
165.93415393676108 552.0287261113374
-53.80429614249397 499.9993033432488
188.7938514152557 139.09839570795475
33.02568905410766 554.1625917646621
109.51563184443455 105.82854246854185
114.96374319118004 565.351935186249
-118.04175159041705 380.0094748159727
33.02568905410766 554.1625917646621
-41.956212916313916 513.6293994337508
-8.849879159956402 102.46712875285573
-27.724186724449567 112.27061285505181
282.71282807883347 298.334949588534
-65.3151394671957 145.17568567185344
89.00484124579305 100.8148558444102
-92.53682963166978 190.19178846523891
285.320108516338 271.821738233238
279.1946094097188 248.01466762768598
235.9584497620734 174.41040674092676
169.69180929285994 129.6935064811148
279.1946094097188 248.01466762768598
-95.38645471307547 442.6897803619738
145.54598963852868 557.358009741302
68.51156869006724 97.27873639943516
256.8020831761109 207.49786976903403
-110.9556680803579 238.41201922550698
264.33633075897586 226.91373777187783
-87.85220713021056 462.1056483648176
68.51156869006724 97.27873639943516
49.479598739333824 93.78411588922165
-78.97928324276216 471.22004504832665
235.9584497620734 174.41040674092676
114.96374319118004 565.351935186249
130.07897657182275 115.27493063014333
-42.23210451688084 120.72102658237588
-78.29168248297225 159.5778670505656
89.00484124579305 100.8148558444102
109.51563184443455 105.82854246854185
145.54598963852868 557.358009741302
246.36274842617655 189.4765710758238
-108.24327938535993 220.76421094515075
165.93415393676108 552.0287261113374
-121.15705527247343 363.6732379757268
210.79658361863844 516.3760136100302
-123.4767419803294 291.2309472622911
256.8020831761109 207.49786976903403
-120.76435328533137 273.58313898193484
165.93415393676108 552.0287261113374
145.54598963852868 557.358009741302
-41.956212916313916 513.6293994337508
-118.04175159041705 380.0094748159727
0.7368874009484898 541.4290777666549
13.017105786184061 98.65691123680926
-8.849879159956402 102.46712875285573
145.54598963852868 557.358009741302
235.9584497620734 174.41040674092676
-108.24327938535993 220.76421094515075
205.0083244134976 151.37542142358484
210.79658361863844 516.3760136100302
-105.7907533771787 427.6236160270768
279.1946094097188 248.01466762768598
-101.1294648324689 204.71846664823573
150.6072852133798 121.76618443343159
130.07897657182275 115.27493063014333
-78.29168248297225 159.5778670505656
-8.849879159956402 102.46712875285573
282.71282807883347 298.334949588534
-78.29168248297225 159.5778670505656
97.49818410293261 570.7642166857368
129.54173315527368 562.8117901755513
222.66658197381642 162.21637889481985
-113.3425190029592 406.7301808450764
-64.17355872076604 487.888273366665
97.49818410293261 570.7642166857368
68.51156869006724 97.27873639943516
13.017105786184061 98.65691123680926
114.96374319118004 565.351935186249
75.56112698512982 568.6641654851568
169.69180929285994 129.6935064811148
188.7938514152557 139.09839570795475
210.79658361863844 516.3760136100302
-116.60818002825641 254.49926245718353
165.93415393676108 552.0287261113374
180.37199955753007 537.6680436673868
-126.17161263241172 310.356322721804
259.79766851467514 460.1618574048151
-95.38645471307547 442.6897803619738
210.79658361863844 516.3760136100302
53.58903378149586 563.6089799262636
-18.33011863561609 534.9793228981283
-30.108129690133865 527.2594955242528
-27.724186724449567 112.27061285505181
284.4018652417285 317.5848218523316
-55.27871970431971 129.2129392444616
165.93415393676108 552.0287261113374
-126.17161263241172 310.356322721804
246.36274842617655 189.4765710758238
53.58903378149586 563.6089799262636
286.8616962929091 401.8476499990201
75.56112698512982 568.6641654851568
-55.27871970431971 129.2129392444616
68.51156869006724 97.27873639943516
-92.53682963166978 190.19178846523891
180.37199955753007 537.6680436673868
30.552737046093853 99.15489845394791
-42.23210451688084 120.72102658237588
180.37199955753007 537.6680436673868
-64.17355872076604 487.888273366665
-30.108129690133865 527.2594955242528
287.95511999667434 370.86023817149277
0.7368874009484898 541.4290777666549
109.51563184443455 105.82854246854185
-101.1294648324689 204.71846664823573
145.54598963852868 557.358009741302
-121.15705527247343 363.6732379757268
-18.33011863561609 534.9793228981283
13.017105786184061 98.65691123680926
256.8020831761109 207.49786976903403
-64.17355872076604 487.888273366665
264.33633075897586 226.91373777187783
-78.97928324276216 471.22004504832665
222.66658197381642 162.21637889481985
235.9584497620734 174.41040674092676
-87.85220713021056 462.1056483648176
-95.38645471307547 442.6897803619738
33.02568905410766 554.1625917646621
89.00484124579305 100.8148558444102
282.71282807883347 298.334949588534
169.69180929285994 129.6935064811148
0.7368874009484898 541.4290777666549
-8.849879159956402 102.46712875285573
-53.80429614249397 499.9993033432488
145.54598963852868 557.358009741302
129.54173315527368 562.8117901755513
246.36274842617655 189.4765710758238
130.07897657182275 115.27493063014333
-105.7907533771787 427.6236160270768
287.95511999667434 370.86023817149277
33.02568905410766 554.1625917646621
-30.108129690133865 527.2594955242528
169.69180929285994 129.6935064811148
150.6072852133798 121.76618443343159
-78.29168248297225 159.5778670505656
-101.1294648324689 204.71846664823573
180.37199955753007 537.6680436673868
-108.24327938535993 220.76421094515075
222.66658197381642 162.21637889481985
188.7938514152557 139.09839570795475
53.58903378149586 563.6089799262636
-118.04175159041705 380.0094748159727
205.0083244134976 151.37542142358484
169.69180929285994 129.6935064811148
33.02568905410766 554.1625917646621
246.36274842617655 189.4765710758238
75.56112698512982 568.6641654851568
89.00484124579305 100.8148558444102
-55.27871970431971 129.2129392444616
282.71282807883347 298.334949588534
222.66658197381642 162.21637889481985
-64.17355872076604 487.888273366665
145.54598963852868 557.358009741302
180.37199955753007 537.6680436673868
-120.76435328533137 273.58313898193484
241.0810233364222 483.2634461194208
-121.15705527247343 363.6732379757268
97.49818410293261 570.7642166857368
-65.3151394671957 145.17568567185344
114.96374319118004 565.351935186249
30.552737046093853 99.15489845394791
-78.97928324276216 471.22004504832665
269.8516063204667 445.6766781565799
-124.46505742660116 331.0837621647582
210.79658361863844 516.3760136100302
180.37199955753007 537.6680436673868
13.017105786184061 98.65691123680926
-42.23210451688084 120.72102658237588
-55.27871970431971 129.2129392444616
169.69180929285994 129.6935064811148
233.89713661186886 493.39892169970926
-95.38645471307547 442.6897803619738
97.49818410293261 570.7642166857368
53.58903378149586 563.6089799262636
-78.29168248297225 159.5778670505656
188.7938514152557 139.09839570795475
-108.24327938535993 220.76421094515075
145.54598963852868 557.358009741302
256.8020831761109 207.49786976903403
285.320108516338 271.821738233238
-105.7907533771787 427.6236160270768
-87.85220713021056 462.1056483648176
165.93415393676108 552.0287261113374
-124.25484091161417 348.81456831463754
205.0083244134976 151.37542142358484
165.93415393676108 552.0287261113374
-123.4767419803294 291.2309472622911
246.36274842617655 189.4765710758238
256.8020831761109 207.49786976903403
-53.80429614249397 499.9993033432488
53.58903378149586 563.6089799262636
109.51563184443455 105.82854246854185
-78.29168248297225 159.5778670505656
-27.724186724449567 112.27061285505181
-101.1294648324689 204.71846664823573
89.00484124579305 100.8148558444102
130.07897657182275 115.27493063014333
282.71282807883347 298.334949588534
-113.3425190029592 406.7301808450764
235.9584497620734 174.41040674092676
-123.4767419803294 291.2309472622911
233.89713661186886 493.39892169970926
109.51563184443455 105.82854246854185
97.49818410293261 570.7642166857368
246.36274842617655 189.4765710758238
-116.60818002825641 254.49926245718353
264.33633075897586 226.91373777187783
279.1946094097188 248.01466762768598
-87.85220713021056 462.1056483648176
287.95511999667434 370.86023817149277
-18.33011863561609 534.9793228981283
188.7938514152557 139.09839570795475
282.71282807883347 298.334949588534
49.479598739333824 93.78411588922165
13.017105786184061 98.65691123680926
282.71282807883347 298.334949588534
-105.7907533771787 427.6236160270768
256.8020831761109 207.49786976903403
282.71282807883347 298.334949588534
68.51156869006724 97.27873639943516
129.54173315527368 562.8117901755513
13.017105786184061 98.65691123680926
222.66658197381642 162.21637889481985
-110.9556680803579 238.41201922550698
165.93415393676108 552.0287261113374
-124.46505742660116 331.0837621647582
246.36274842617655 189.4765710758238
-120.76435328533137 273.58313898193484
210.79658361863844 516.3760136100302
-126.17161263241172 310.356322721804
241.0810233364222 483.2634461194208
68.51156869006724 97.27873639943516
-101.1294648324689 204.71846664823573
30.552737046093853 99.15489845394791
165.93415393676108 552.0287261113374
114.96374319118004 565.351935186249
-121.15705527247343 363.6732379757268
275.4165280537874 422.2015990291203
286.8616962929091 401.8476499990201
259.79766851467514 460.1618574048151
-27.724186724449567 112.27061285505181
-41.956212916313916 513.6293994337508
97.49818410293261 570.7642166857368
-30.108129690133865 527.2594955242528
-105.7907533771787 427.6236160270768
-113.3425190029592 406.7301808450764
269.8516063204667 445.6766781565799
109.51563184443455 105.82854246854185
150.6072852133798 121.76618443343159
-30.108129690133865 527.2594955242528
210.79658361863844 516.3760136100302
-110.9556680803579 238.41201922550698
235.9584497620734 174.41040674092676
-116.60818002825641 254.49926245718353
145.54598963852868 557.358009741302
-87.85220713021056 462.1056483648176
290.6149545629256 348.7797283536667
-55.27871970431971 129.2129392444616
180.37199955753007 537.6680436673868
49.479598739333824 93.78411588922165
89.00484124579305 100.8148558444102
-95.38645471307547 442.6897803619738
129.54173315527368 562.8117901755513
-121.15705527247343 363.6732379757268
53.58903378149586 563.6089799262636
68.51156869006724 97.27873639943516
-78.29168248297225 159.5778670505656
-83.96171247378635 174.18754310308555
264.33633075897586 226.91373777187783
97.49818410293261 570.7642166857368
114.96374319118004 565.351935186249
222.66658197381642 162.21637889481985
-126.17161263241172 310.356322721804
256.8020831761109 207.49786976903403
279.1946094097188 248.01466762768598
-78.97928324276216 471.22004504832665
-64.17355872076604 487.888273366665
235.9584497620734 174.41040674092676
282.71282807883347 298.334949588534
109.51563184443455 105.82854246854185
165.93415393676108 552.0287261113374
-42.23210451688084 120.72102658237588
-101.1294648324689 204.71846664823573
165.93415393676108 552.0287261113374
-83.96171247378635 174.18754310308555
30.552737046093853 99.15489845394791
-8.849879159956402 102.46712875285573
-27.724186724449567 112.27061285505181
130.07897657182275 115.27493063014333
-18.33011863561609 534.9793228981283
145.54598963852868 557.358009741302
-124.25484091161417 348.81456831463754
241.0810233364222 483.2634461194208
169.69180929285994 129.6935064811148
53.58903378149586 563.6089799262636
-42.23210451688084 120.72102658237588
290.6149545629256 348.7797283536667
0.7368874009484898 541.4290777666549
-121.15705527247343 363.6732379757268
222.66658197381642 162.21637889481985
-8.849879159956402 102.46712875285573
284.4018652417285 317.5848218523316
33.02568905410766 554.1625917646621
-55.27871970431971 129.2129392444616
-78.29168248297225 159.5778670505656
180.37199955753007 537.6680436673868
-65.3151394671957 145.17568567185344
284.4018652417285 317.5848218523316
-42.23210451688084 120.72102658237588
188.7938514152557 139.09839570795475
-41.956212916313916 513.6293994337508
287.95511999667434 370.86023817149277
-113.3425190029592 406.7301808450764
-78.97928324276216 471.22004504832665
129.54173315527368 562.8117901755513
53.58903378149586 563.6089799262636
287.95511999667434 370.86023817149277
-95.38645471307547 442.6897803619738
264.33633075897586 226.91373777187783
-92.53682963166978 190.19178846523891
145.54598963852868 557.358009741302
-126.17161263241172 310.356322721804
269.8516063204667 445.6766781565799
286.8616962929091 401.8476499990201
97.49818410293261 570.7642166857368
-53.80429614249397 499.9993033432488
-118.04175159041705 380.0094748159727
-64.17355872076604 487.888273366665
233.89713661186886 493.39892169970926
89.00484124579305 100.8148558444102
222.66658197381642 162.21637889481985
235.9584497620734 174.41040674092676
-124.46505742660116 331.0837621647582
241.0810233364222 483.2634461194208
150.6072852133798 121.76618443343159
-108.24327938535993 220.76421094515075
89.00484124579305 100.8148558444102
165.93415393676108 552.0287261113374
180.37199955753007 537.6680436673868
53.58903378149586 563.6089799262636
150.6072852133798 121.76618443343159
282.71282807883347 298.334949588534
279.1946094097188 248.01466762768598
-78.29168248297225 159.5778670505656
284.4018652417285 317.5848218523316
13.017105786184061 98.65691123680926
-101.1294648324689 204.71846664823573
129.54173315527368 562.8117901755513
30.552737046093853 99.15489845394791
246.36274842617655 189.4765710758238
169.69180929285994 129.6935064811148
-113.3425190029592 406.7301808450764
285.320108516338 271.821738233238
75.56112698512982 568.6641654851568
-121.15705527247343 363.6732379757268
-30.108129690133865 527.2594955242528
-87.85220713021056 462.1056483648176
49.479598739333824 93.78411588922165
114.96374319118004 565.351935186249
-124.46505742660116 331.0837621647582
222.66658197381642 162.21637889481985
53.58903378149586 563.6089799262636
264.33633075897586 226.91373777187783
-105.7907533771787 427.6236160270768
109.51563184443455 105.82854246854185
-65.3151394671957 145.17568567185344
259.79766851467514 460.1618574048151
130.07897657182275 115.27493063014333
169.69180929285994 129.6935064811148
-41.956212916313916 513.6293994337508
129.54173315527368 562.8117901755513
-110.9556680803579 238.41201922550698
188.7938514152557 139.09839570795475
241.0810233364222 483.2634461194208
-95.38645471307547 442.6897803619738
282.71282807883347 298.334949588534
205.0083244134976 151.37542142358484
-30.108129690133865 527.2594955242528
-18.33011863561609 534.9793228981283
0.7368874009484898 541.4290777666549
33.02568905410766 554.1625917646621
-42.23210451688084 120.72102658237588
-27.724186724449567 112.27061285505181
269.8516063204667 445.6766781565799
275.4165280537874 422.2015990291203
53.58903378149586 563.6089799262636
89.00484124579305 100.8148558444102
30.552737046093853 99.15489845394791
282.71282807883347 298.334949588534
246.36274842617655 189.4765710758238
235.9584497620734 174.41040674092676
180.37199955753007 537.6680436673868
-53.80429614249397 499.9993033432488
233.89713661186886 493.39892169970926
-55.27871970431971 129.2129392444616
259.79766851467514 460.1618574048151
-78.29168248297225 159.5778670505656
129.54173315527368 562.8117901755513
130.07897657182275 115.27493063014333
145.54598963852868 557.358009741302
210.79658361863844 516.3760136100302
169.69180929285994 129.6935064811148
-95.38645471307547 442.6897803619738
290.6149545629256 348.7797283536667
-78.97928324276216 471.22004504832665
-105.7907533771787 427.6236160270768
290.6149545629256 348.7797283536667
-8.849879159956402 102.46712875285573
13.017105786184061 98.65691123680926
53.58903378149586 563.6089799262636
-95.38645471307547 442.6897803619738
246.36274842617655 189.4765710758238
-113.3425190029592 406.7301808450764
-118.04175159041705 380.0094748159727
269.8516063204667 445.6766781565799
-124.25484091161417 348.81456831463754
97.49818410293261 570.7642166857368
287.95511999667434 370.86023817149277
-64.17355872076604 487.888273366665
0.7368874009484898 541.4290777666549
150.6072852133798 121.76618443343159
-95.38645471307547 442.6897803619738
285.320108516338 271.821738233238
279.1946094097188 248.01466762768598
-55.27871970431971 129.2129392444616
130.07897657182275 115.27493063014333
68.51156869006724 97.27873639943516
-42.23210451688084 120.72102658237588
259.79766851467514 460.1618574048151
30.552737046093853 99.15489845394791
-78.29168248297225 159.5778670505656
-42.23210451688084 120.72102658237588
-30.108129690133865 527.2594955242528
246.36274842617655 189.4765710758238
264.33633075897586 226.91373777187783
75.56112698512982 568.6641654851568
-83.96171247378635 174.18754310308555
284.4018652417285 317.5848218523316
68.51156869006724 97.27873639943516
180.37199955753007 537.6680436673868
130.07897657182275 115.27493063014333
-108.24327938535993 220.76421094515075
109.51563184443455 105.82854246854185
-64.17355872076604 487.888273366665
-8.849879159956402 102.46712875285573
-18.33011863561609 534.9793228981283
290.6149545629256 348.7797283536667
33.02568905410766 554.1625917646621
-121.15705527247343 363.6732379757268
235.9584497620734 174.41040674092676
188.7938514152557 139.09839570795475
75.56112698512982 568.6641654851568
53.58903378149586 563.6089799262636
279.1946094097188 248.01466762768598
-113.3425190029592 406.7301808450764
-95.38645471307547 442.6897803619738
130.07897657182275 115.27493063014333
275.4165280537874 422.2015990291203
68.51156869006724 97.27873639943516
246.36274842617655 189.4765710758238
-87.85220713021056 462.1056483648176
233.89713661186886 493.39892169970926
165.93415393676108 552.0287261113374
129.54173315527368 562.8117901755513
97.49818410293261 570.7642166857368
-92.53682963166978 190.19178846523891
165.93415393676108 552.0287261113374
-41.956212916313916 513.6293994337508
210.79658361863844 516.3760136100302
-27.724186724449567 112.27061285505181
109.51563184443455 105.82854246854185
89.00484124579305 100.8148558444102
114.96374319118004 565.351935186249
-124.25484091161417 348.81456831463754
233.89713661186886 493.39892169970926
188.7938514152557 139.09839570795475
169.69180929285994 129.6935064811148
-110.9556680803579 238.41201922550698
145.54598963852868 557.358009741302
-123.4767419803294 291.2309472622911
205.0083244134976 151.37542142358484
-110.9556680803579 238.41201922550698
130.07897657182275 115.27493063014333
165.93415393676108 552.0287261113374
246.36274842617655 189.4765710758238
-124.25484091161417 348.81456831463754
75.56112698512982 568.6641654851568
-65.3151394671957 145.17568567185344
290.6149545629256 348.7797283536667
-113.3425190029592 406.7301808450764
188.7938514152557 139.09839570795475
-124.46505742660116 331.0837621647582
205.0083244134976 151.37542142358484
129.54173315527368 562.8117901755513
-126.17161263241172 310.356322721804
233.89713661186886 493.39892169970926
286.8616962929091 401.8476499990201
30.552737046093853 99.15489845394791
284.4018652417285 317.5848218523316
285.320108516338 271.821738233238
-78.97928324276216 471.22004504832665
287.95511999667434 370.86023817149277
-53.80429614249397 499.9993033432488
246.36274842617655 189.4765710758238
-78.97928324276216 471.22004504832665
210.79658361863844 516.3760136100302
165.93415393676108 552.0287261113374
188.7938514152557 139.09839570795475
-121.15705527247343 363.6732379757268
269.8516063204667 445.6766781565799
-55.27871970431971 129.2129392444616
-92.53682963166978 190.19178846523891
-8.849879159956402 102.46712875285573
259.79766851467514 460.1618574048151
-123.4767419803294 291.2309472622911
222.66658197381642 162.21637889481985
-116.60818002825641 254.49926245718353
129.54173315527368 562.8117901755513
-64.17355872076604 487.888273366665
210.79658361863844 516.3760136100302
75.56112698512982 568.6641654851568
256.8020831761109 207.49786976903403
-95.38645471307547 442.6897803619738
-118.04175159041705 380.0094748159727
222.66658197381642 162.21637889481985
-124.25484091161417 348.81456831463754
235.9584497620734 174.41040674092676
53.58903378149586 563.6089799262636
-18.33011863561609 534.9793228981283
256.8020831761109 207.49786976903403
129.54173315527368 562.8117901755513
75.56112698512982 568.6641654851568
-87.85220713021056 462.1056483648176
285.320108516338 271.821738233238
264.33633075897586 226.91373777187783
282.71282807883347 298.334949588534
285.320108516338 271.821738233238
53.58903378149586 563.6089799262636
-64.17355872076604 487.888273366665
-95.38645471307547 442.6897803619738
68.51156869006724 97.27873639943516
-108.24327938535993 220.76421094515075
49.479598739333824 93.78411588922165
-92.53682963166978 190.19178846523891
-78.29168248297225 159.5778670505656
169.69180929285994 129.6935064811148
-108.24327938535993 220.76421094515075
210.79658361863844 516.3760136100302
0.7368874009484898 541.4290777666549
130.07897657182275 115.27493063014333
-64.17355872076604 487.888273366665
269.8516063204667 445.6766781565799
-105.7907533771787 427.6236160270768
-87.85220713021056 462.1056483648176
210.79658361863844 516.3760136100302
-8.849879159956402 102.46712875285573
-101.1294648324689 204.71846664823573
-108.24327938535993 220.76421094515075
13.017105786184061 98.65691123680926
68.51156869006724 97.27873639943516
233.89713661186886 493.39892169970926
-124.46505742660116 331.0837621647582
145.54598963852868 557.358009741302
-83.96171247378635 174.18754310308555
-27.724186724449567 112.27061285505181
290.6149545629256 348.7797283536667
-78.29168248297225 159.5778670505656
269.8516063204667 445.6766781565799
13.017105786184061 98.65691123680926
49.479598739333824 93.78411588922165
233.89713661186886 493.39892169970926
-42.23210451688084 120.72102658237588
-55.27871970431971 129.2129392444616
53.58903378149586 563.6089799262636
-124.25484091161417 348.81456831463754
129.54173315527368 562.8117901755513
210.79658361863844 516.3760136100302
33.02568905410766 554.1625917646621
-65.3151394671957 145.17568567185344
269.8516063204667 445.6766781565799
130.07897657182275 115.27493063014333
284.4018652417285 317.5848218523316
235.9584497620734 174.41040674092676
-120.76435328533137 273.58313898193484
233.89713661186886 493.39892169970926
130.07897657182275 115.27493063014333
109.51563184443455 105.82854246854185
-78.97928324276216 471.22004504832665
256.8020831761109 207.49786976903403
246.36274842617655 189.4765710758238
0.7368874009484898 541.4290777666549
-41.956212916313916 513.6293994337508
256.8020831761109 207.49786976903403
33.02568905410766 554.1625917646621
13.017105786184061 98.65691123680926
-27.724186724449567 112.27061285505181
279.1946094097188 248.01466762768598
264.33633075897586 226.91373777187783
129.54173315527368 562.8117901755513
-92.53682963166978 190.19178846523891
114.96374319118004 565.351935186249
-116.60818002825641 254.49926245718353
205.0083244134976 151.37542142358484
150.6072852133798 121.76618443343159
114.96374319118004 565.351935186249
0.7368874009484898 541.4290777666549
-78.97928324276216 471.22004504832665
130.07897657182275 115.27493063014333
222.66658197381642 162.21637889481985
-18.33011863561609 534.9793228981283
-124.25484091161417 348.81456831463754
188.7938514152557 139.09839570795475
-116.60818002825641 254.49926245718353
109.51563184443455 105.82854246854185
-87.85220713021056 462.1056483648176
30.552737046093853 99.15489845394791
130.07897657182275 115.27493063014333
-87.85220713021056 462.1056483648176
150.6072852133798 121.76618443343159
269.8516063204667 445.6766781565799
287.95511999667434 370.86023817149277
75.56112698512982 568.6641654851568
282.71282807883347 298.334949588534
-87.85220713021056 462.1056483648176
13.017105786184061 98.65691123680926
290.6149545629256 348.7797283536667
-64.17355872076604 487.888273366665
246.36274842617655 189.4765710758238
114.96374319118004 565.351935186249
279.1946094097188 248.01466762768598
256.8020831761109 207.49786976903403
-113.3425190029592 406.7301808450764
130.07897657182275 115.27493063014333
241.0810233364222 483.2634461194208
-30.108129690133865 527.2594955242528
290.6149545629256 348.7797283536667
53.58903378149586 563.6089799262636
256.8020831761109 207.49786976903403
-124.46505742660116 331.0837621647582
53.58903378149586 563.6089799262636
284.4018652417285 317.5848218523316
89.00484124579305 100.8148558444102
-83.96171247378635 174.18754310308555
259.79766851467514 460.1618574048151
275.4165280537874 422.2015990291203
89.00484124579305 100.8148558444102
-78.97928324276216 471.22004504832665
150.6072852133798 121.76618443343159
109.51563184443455 105.82854246854185
-110.9556680803579 238.41201922550698
49.479598739333824 93.78411588922165
-65.3151394671957 145.17568567185344
210.79658361863844 516.3760136100302
97.49818410293261 570.7642166857368
75.56112698512982 568.6641654851568
0.7368874009484898 541.4290777666549
188.7938514152557 139.09839570795475
222.66658197381642 162.21637889481985
-120.76435328533137 273.58313898193484
145.54598963852868 557.358009741302
150.6072852133798 121.76618443343159
-18.33011863561609 534.9793228981283
-30.108129690133865 527.2594955242528
235.9584497620734 174.41040674092676
-118.04175159041705 380.0094748159727
-78.97928324276216 471.22004504832665
233.89713661186886 493.39892169970926
13.017105786184061 98.65691123680926
259.79766851467514 460.1618574048151
169.69180929285994 129.6935064811148
-18.33011863561609 534.9793228981283
233.89713661186886 493.39892169970926
-27.724186724449567 112.27061285505181
-8.849879159956402 102.46712875285573
241.0810233364222 483.2634461194208
-55.27871970431971 129.2129392444616
210.79658361863844 516.3760136100302
-53.80429614249397 499.9993033432488
114.96374319118004 565.351935186249
-78.29168248297225 159.5778670505656
-101.1294648324689 204.71846664823573
114.96374319118004 565.351935186249
-120.76435328533137 273.58313898193484
188.7938514152557 139.09839570795475
264.33633075897586 226.91373777187783
222.66658197381642 162.21637889481985
-41.956212916313916 513.6293994337508
-64.17355872076604 487.888273366665
150.6072852133798 121.76618443343159
-110.9556680803579 238.41201922550698
75.56112698512982 568.6641654851568
279.1946094097188 248.01466762768598
0.7368874009484898 541.4290777666549
205.0083244134976 151.37542142358484
-105.7907533771787 427.6236160270768
-113.3425190029592 406.7301808450764
-53.80429614249397 499.9993033432488
-121.15705527247343 363.6732379757268
205.0083244134976 151.37542142358484
33.02568905410766 554.1625917646621
279.1946094097188 248.01466762768598
-65.3151394671957 145.17568567185344
68.51156869006724 97.27873639943516
-41.956212916313916 513.6293994337508
109.51563184443455 105.82854246854185
-53.80429614249397 499.9993033432488
89.00484124579305 100.8148558444102
-27.724186724449567 112.27061285505181
-42.23210451688084 120.72102658237588
287.95511999667434 370.86023817149277
259.79766851467514 460.1618574048151
-105.7907533771787 427.6236160270768
284.4018652417285 317.5848218523316
-113.3425190029592 406.7301808450764
264.33633075897586 226.91373777187783
-120.76435328533137 273.58313898193484
75.56112698512982 568.6641654851568
222.66658197381642 162.21637889481985
0.7368874009484898 541.4290777666549
256.8020831761109 207.49786976903403
-92.53682963166978 190.19178846523891
282.71282807883347 298.334949588534
33.02568905410766 554.1625917646621
30.552737046093853 99.15489845394791
205.0083244134976 151.37542142358484
-18.33011863561609 534.9793228981283
-126.17161263241172 310.356322721804
97.49818410293261 570.7642166857368
256.8020831761109 207.49786976903403
-87.85220713021056 462.1056483648176
-95.38645471307547 442.6897803619738
188.7938514152557 139.09839570795475
-123.4767419803294 291.2309472622911
269.8516063204667 445.6766781565799
286.8616962929091 401.8476499990201
165.93415393676108 552.0287261113374
241.0810233364222 483.2634461194208
-42.23210451688084 120.72102658237588
275.4165280537874 422.2015990291203
-27.724186724449567 112.27061285505181
0.7368874009484898 541.4290777666549
-42.23210451688084 120.72102658237588
-83.96171247378635 174.18754310308555
129.54173315527368 562.8117901755513
287.95511999667434 370.86023817149277
-8.849879159956402 102.46712875285573
68.51156869006724 97.27873639943516
-83.96171247378635 174.18754310308555
114.96374319118004 565.351935186249
-108.24327938535993 220.76421094515075
-116.60818002825641 254.49926245718353
233.89713661186886 493.39892169970926
259.79766851467514 460.1618574048151
89.00484124579305 100.8148558444102
246.36274842617655 189.4765710758238
235.9584497620734 174.41040674092676
285.320108516338 271.821738233238
279.1946094097188 248.01466762768598
129.54173315527368 562.8117901755513
169.69180929285994 129.6935064811148
150.6072852133798 121.76618443343159
129.54173315527368 562.8117901755513
165.93415393676108 552.0287261113374
75.56112698512982 568.6641654851568
-124.46505742660116 331.0837621647582
-30.108129690133865 527.2594955242528
-87.85220713021056 462.1056483648176
-113.3425190029592 406.7301808450764
150.6072852133798 121.76618443343159
-126.17161263241172 310.356322721804
205.0083244134976 151.37542142358484
284.4018652417285 317.5848218523316
109.51563184443455 105.82854246854185
68.51156869006724 97.27873639943516
-116.60818002825641 254.49926245718353
169.69180929285994 129.6935064811148
-27.724186724449567 112.27061285505181
287.95511999667434 370.86023817149277
68.51156869006724 97.27873639943516
269.8516063204667 445.6766781565799
-8.849879159956402 102.46712875285573
-108.24327938535993 220.76421094515075
53.58903378149586 563.6089799262636
282.71282807883347 298.334949588534
-78.97928324276216 471.22004504832665
13.017105786184061 98.65691123680926
275.4165280537874 422.2015990291203
286.8616962929091 401.8476499990201
114.96374319118004 565.351935186249
169.69180929285994 129.6935064811148
-124.46505742660116 331.0837621647582
130.07897657182275 115.27493063014333
188.7938514152557 139.09839570795475
-87.85220713021056 462.1056483648176
241.0810233364222 483.2634461194208
-65.3151394671957 145.17568567185344
-78.29168248297225 159.5778670505656
-55.27871970431971 129.2129392444616
-41.956212916313916 513.6293994337508
-121.15705527247343 363.6732379757268
246.36274842617655 189.4765710758238
-118.04175159041705 380.0094748159727
-113.3425190029592 406.7301808450764
259.79766851467514 460.1618574048151
49.479598739333824 93.78411588922165
0.7368874009484898 541.4290777666549
264.33633075897586 226.91373777187783
145.54598963852868 557.358009741302
205.0083244134976 151.37542142358484
53.58903378149586 563.6089799262636
-92.53682963166978 190.19178846523891
-27.724186724449567 112.27061285505181
241.0810233364222 483.2634461194208
275.4165280537874 422.2015990291203
-124.25484091161417 348.81456831463754
33.02568905410766 554.1625917646621
264.33633075897586 226.91373777187783
-78.29168248297225 159.5778670505656
-83.96171247378635 174.18754310308555
233.89713661186886 493.39892169970926
-65.3151394671957 145.17568567185344
-8.849879159956402 102.46712875285573
-87.85220713021056 462.1056483648176
-118.04175159041705 380.0094748159727
188.7938514152557 139.09839570795475
284.4018652417285 317.5848218523316
222.66658197381642 162.21637889481985
235.9584497620734 174.41040674092676
-18.33011863561609 534.9793228981283
284.4018652417285 317.5848218523316
49.479598739333824 93.78411588922165
-95.38645471307547 442.6897803619738
205.0083244134976 151.37542142358484
222.66658197381642 162.21637889481985
-105.7907533771787 427.6236160270768
188.7938514152557 139.09839570795475
-92.53682963166978 190.19178846523891
-110.9556680803579 238.41201922550698
89.00484124579305 100.8148558444102
-30.108129690133865 527.2594955242528
256.8020831761109 207.49786976903403
114.96374319118004 565.351935186249
-41.956212916313916 513.6293994337508
89.00484124579305 100.8148558444102
269.8516063204667 445.6766781565799
-42.23210451688084 120.72102658237588
210.79658361863844 516.3760136100302
286.8616962929091 401.8476499990201
259.79766851467514 460.1618574048151
290.6149545629256 348.7797283536667
285.320108516338 271.821738233238
-53.80429614249397 499.9993033432488
-18.33011863561609 534.9793228981283
210.79658361863844 516.3760136100302
-92.53682963166978 190.19178846523891
205.0083244134976 151.37542142358484
75.56112698512982 568.6641654851568
290.6149545629256 348.7797283536667
89.00484124579305 100.8148558444102
241.0810233364222 483.2634461194208
13.017105786184061 98.65691123680926
-8.849879159956402 102.46712875285573
275.4165280537874 422.2015990291203
-64.17355872076604 487.888273366665
241.0810233364222 483.2634461194208
145.54598963852868 557.358009741302
279.1946094097188 248.01466762768598
235.9584497620734 174.41040674092676
-53.80429614249397 499.9993033432488
68.51156869006724 97.27873639943516
0.7368874009484898 541.4290777666549
-53.80429614249397 499.9993033432488
-27.724186724449567 112.27061285505181
-64.17355872076604 487.888273366665
279.1946094097188 248.01466762768598
-18.33011863561609 534.9793228981283
-55.27871970431971 129.2129392444616
-108.24327938535993 220.76421094515075
129.54173315527368 562.8117901755513
-120.76435328533137 273.58313898193484
169.69180929285994 129.6935064811148
97.49818410293261 570.7642166857368
-123.4767419803294 291.2309472622911
114.96374319118004 565.351935186249
-110.9556680803579 238.41201922550698
30.552737046093853 99.15489845394791
49.479598739333824 93.78411588922165
269.8516063204667 445.6766781565799
-83.96171247378635 174.18754310308555
-92.53682963166978 190.19178846523891
246.36274842617655 189.4765710758238
-41.956212916313916 513.6293994337508
49.479598739333824 93.78411588922165
89.00484124579305 100.8148558444102
-105.7907533771787 427.6236160270768
-118.04175159041705 380.0094748159727
150.6072852133798 121.76618443343159
-27.724186724449567 112.27061285505181
30.552737046093853 99.15489845394791
241.0810233364222 483.2634461194208
49.479598739333824 93.78411588922165
256.8020831761109 207.49786976903403
205.0083244134976 151.37542142358484
97.49818410293261 570.7642166857368
-8.849879159956402 102.46712875285573
53.58903378149586 563.6089799262636
75.56112698512982 568.6641654851568
284.4018652417285 317.5848218523316
129.54173315527368 562.8117901755513
290.6149545629256 348.7797283536667
279.1946094097188 248.01466762768598
-41.956212916313916 513.6293994337508
290.6149545629256 348.7797283536667
30.552737046093853 99.15489845394791
-108.24327938535993 220.76421094515075
279.1946094097188 248.01466762768598
97.49818410293261 570.7642166857368
222.66658197381642 162.21637889481985
33.02568905410766 554.1625917646621
235.9584497620734 174.41040674092676
109.51563184443455 105.82854246854185
259.79766851467514 460.1618574048151
-121.15705527247343 363.6732379757268
284.4018652417285 317.5848218523316
256.8020831761109 207.49786976903403
246.36274842617655 189.4765710758238
-65.3151394671957 145.17568567185344
53.58903378149586 563.6089799262636
-18.33011863561609 534.9793228981283
-123.4767419803294 291.2309472622911
75.56112698512982 568.6641654851568
-101.1294648324689 204.71846664823573
275.4165280537874 422.2015990291203
-55.27871970431971 129.2129392444616
-42.23210451688084 120.72102658237588
169.69180929285994 129.6935064811148
-78.97928324276216 471.22004504832665
275.4165280537874 422.2015990291203
-118.04175159041705 380.0094748159727
169.69180929285994 129.6935064811148
-65.3151394671957 145.17568567185344
-83.96171247378635 174.18754310308555
279.1946094097188 248.01466762768598
264.33633075897586 226.91373777187783
165.93415393676108 552.0287261113374
210.79658361863844 516.3760136100302
233.89713661186886 493.39892169970926
-41.956212916313916 513.6293994337508
-124.46505742660116 331.0837621647582
275.4165280537874 422.2015990291203
-108.24327938535993 220.76421094515075
97.49818410293261 570.7642166857368
188.7938514152557 139.09839570795475
129.54173315527368 562.8117901755513
-123.4767419803294 291.2309472622911
109.51563184443455 105.82854246854185
-30.108129690133865 527.2594955242528
75.56112698512982 568.6641654851568
-126.17161263241172 310.356322721804
-30.108129690133865 527.2594955242528
233.89713661186886 493.39892169970926
-78.29168248297225 159.5778670505656
210.79658361863844 516.3760136100302
180.37199955753007 537.6680436673868
114.96374319118004 565.351935186249
210.79658361863844 516.3760136100302
-101.1294648324689 204.71846664823573
97.49818410293261 570.7642166857368
114.96374319118004 565.351935186249
188.7938514152557 139.09839570795475
-126.17161263241172 310.356322721804
264.33633075897586 226.91373777187783
-41.956212916313916 513.6293994337508
235.9584497620734 174.41040674092676
-105.7907533771787 427.6236160270768
-41.956212916313916 513.6293994337508
-65.3151394671957 145.17568567185344
-42.23210451688084 120.72102658237588
109.51563184443455 105.82854246854185
241.0810233364222 483.2634461194208
-116.60818002825641 254.49926245718353
130.07897657182275 115.27493063014333
-53.80429614249397 499.9993033432488
279.1946094097188 248.01466762768598
-110.9556680803579 238.41201922550698
-30.108129690133865 527.2594955242528
114.96374319118004 565.351935186249
264.33633075897586 226.91373777187783
-42.23210451688084 120.72102658237588
286.8616962929091 401.8476499990201
287.95511999667434 370.86023817149277
165.93415393676108 552.0287261113374
259.79766851467514 460.1618574048151
269.8516063204667 445.6766781565799
-53.80429614249397 499.9993033432488
290.6149545629256 348.7797283536667
97.49818410293261 570.7642166857368
-83.96171247378635 174.18754310308555
256.8020831761109 207.49786976903403
264.33633075897586 226.91373777187783
-123.4767419803294 291.2309472622911
53.58903378149586 563.6089799262636
30.552737046093853 99.15489845394791
287.95511999667434 370.86023817149277
13.017105786184061 98.65691123680926
210.79658361863844 516.3760136100302
-83.96171247378635 174.18754310308555
188.7938514152557 139.09839570795475
169.69180929285994 129.6935064811148
205.0083244134976 151.37542142358484
-120.76435328533137 273.58313898193484
259.79766851467514 460.1618574048151
-41.956212916313916 513.6293994337508
30.552737046093853 99.15489845394791
-95.38645471307547 442.6897803619738
286.8616962929091 401.8476499990201
130.07897657182275 115.27493063014333
-8.849879159956402 102.46712875285573
-42.23210451688084 120.72102658237588
114.96374319118004 565.351935186249
-27.724186724449567 112.27061285505181
-108.24327938535993 220.76421094515075
75.56112698512982 568.6641654851568
97.49818410293261 570.7642166857368
-116.60818002825641 254.49926245718353
-8.849879159956402 102.46712875285573
49.479598739333824 93.78411588922165
-53.80429614249397 499.9993033432488
-124.46505742660116 331.0837621647582
259.79766851467514 460.1618574048151
68.51156869006724 97.27873639943516
290.6149545629256 348.7797283536667
269.8516063204667 445.6766781565799
286.8616962929091 401.8476499990201
180.37199955753007 537.6680436673868
109.51563184443455 105.82854246854185
169.69180929285994 129.6935064811148
-87.85220713021056 462.1056483648176
-121.15705527247343 363.6732379757268
150.6072852133798 121.76618443343159
259.79766851467514 460.1618574048151
-118.04175159041705 380.0094748159727
286.8616962929091 401.8476499990201
-8.849879159956402 102.46712875285573
233.89713661186886 493.39892169970926
30.552737046093853 99.15489845394791
269.8516063204667 445.6766781565799
188.7938514152557 139.09839570795475
180.37199955753007 537.6680436673868
145.54598963852868 557.358009741302
169.69180929285994 129.6935064811148
165.93415393676108 552.0287261113374
150.6072852133798 121.76618443343159
-116.60818002825641 254.49926245718353
-120.76435328533137 273.58313898193484
-123.4767419803294 291.2309472622911
33.02568905410766 554.1625917646621
285.320108516338 271.821738233238
-64.17355872076604 487.888273366665
89.00484124579305 100.8148558444102
-8.849879159956402 102.46712875285573
75.56112698512982 568.6641654851568
-41.956212916313916 513.6293994337508
-42.23210451688084 120.72102658237588
129.54173315527368 562.8117901755513
-55.27871970431971 129.2129392444616
287.95511999667434 370.86023817149277
-78.29168248297225 159.5778670505656
75.56112698512982 568.6641654851568
-116.60818002825641 254.49926245718353
89.00484124579305 100.8148558444102
-18.33011863561609 534.9793228981283
246.36274842617655 189.4765710758238
205.0083244134976 151.37542142358484
-87.85220713021056 462.1056483648176
-105.7907533771787 427.6236160270768
-78.97928324276216 471.22004504832665
-64.17355872076604 487.888273366665
-121.15705527247343 363.6732379757268
-105.7907533771787 427.6236160270768
286.8616962929091 401.8476499990201
-41.956212916313916 513.6293994337508
130.07897657182275 115.27493063014333
-65.3151394671957 145.17568567185344
145.54598963852868 557.358009741302
287.95511999667434 370.86023817149277
49.479598739333824 93.78411588922165
130.07897657182275 115.27493063014333
-126.17161263241172 310.356322721804
-124.25484091161417 348.81456831463754
284.4018652417285 317.5848218523316
279.1946094097188 248.01466762768598
-42.23210451688084 120.72102658237588
-53.80429614249397 499.9993033432488
275.4165280537874 422.2015990291203
-92.53682963166978 190.19178846523891
259.79766851467514 460.1618574048151
-53.80429614249397 499.9993033432488
75.56112698512982 568.6641654851568
-27.724186724449567 112.27061285505181
-18.33011863561609 534.9793228981283
-30.108129690133865 527.2594955242528
68.51156869006724 97.27873639943516
-78.97928324276216 471.22004504832665
286.8616962929091 401.8476499990201
-27.724186724449567 112.27061285505181
145.54598963852868 557.358009741302
285.320108516338 271.821738233238
-118.04175159041705 380.0094748159727
279.1946094097188 248.01466762768598
-123.4767419803294 291.2309472622911
-126.17161263241172 310.356322721804
53.58903378149586 563.6089799262636
114.96374319118004 565.351935186249
205.0083244134976 151.37542142358484
130.07897657182275 115.27493063014333
256.8020831761109 207.49786976903403
222.66658197381642 162.21637889481985
-95.38645471307547 442.6897803619738
284.4018652417285 317.5848218523316
0.7368874009484898 541.4290777666549
235.9584497620734 174.41040674092676
246.36274842617655 189.4765710758238
284.4018652417285 317.5848218523316
-87.85220713021056 462.1056483648176
286.8616962929091 401.8476499990201
89.00484124579305 100.8148558444102
180.37199955753007 537.6680436673868
246.36274842617655 189.4765710758238
13.017105786184061 98.65691123680926
30.552737046093853 99.15489845394791
275.4165280537874 422.2015990291203
-126.17161263241172 310.356322721804
0.7368874009484898 541.4290777666549
233.89713661186886 493.39892169970926
33.02568905410766 554.1625917646621
-8.849879159956402 102.46712875285573
165.93415393676108 552.0287261113374
-27.724186724449567 112.27061285505181
97.49818410293261 570.7642166857368
-18.33011863561609 534.9793228981283
-42.23210451688084 120.72102658237588
-92.53682963166978 190.19178846523891
269.8516063204667 445.6766781565799
-108.24327938535993 220.76421094515075
-78.29168248297225 159.5778670505656
-116.60818002825641 254.49926245718353
-41.956212916313916 513.6293994337508
-123.4767419803294 291.2309472622911
89.00484124579305 100.8148558444102
0.7368874009484898 541.4290777666549
-65.3151394671957 145.17568567185344
-55.27871970431971 129.2129392444616
-30.108129690133865 527.2594955242528
284.4018652417285 317.5848218523316
169.69180929285994 129.6935064811148
290.6149545629256 348.7797283536667
130.07897657182275 115.27493063014333
-120.76435328533137 273.58313898193484
279.1946094097188 248.01466762768598
256.8020831761109 207.49786976903403
-78.29168248297225 159.5778670505656
286.8616962929091 401.8476499990201
-55.27871970431971 129.2129392444616
13.017105786184061 98.65691123680926
75.56112698512982 568.6641654851568
275.4165280537874 422.2015990291203
259.79766851467514 460.1618574048151
-78.97928324276216 471.22004504832665
-121.15705527247343 363.6732379757268
-124.25484091161417 348.81456831463754
169.69180929285994 129.6935064811148
-126.17161263241172 310.356322721804
33.02568905410766 554.1625917646621
259.79766851467514 460.1618574048151
286.8616962929091 401.8476499990201
275.4165280537874 422.2015990291203
188.7938514152557 139.09839570795475
222.66658197381642 162.21637889481985
290.6149545629256 348.7797283536667
49.479598739333824 93.78411588922165
-42.23210451688084 120.72102658237588
145.54598963852868 557.358009741302
233.89713661186886 493.39892169970926
-110.9556680803579 238.41201922550698
-108.24327938535993 220.76421094515075
285.320108516338 271.821738233238
97.49818410293261 570.7642166857368
129.54173315527368 562.8117901755513
-8.849879159956402 102.46712875285573
-78.97928324276216 471.22004504832665
188.7938514152557 139.09839570795475
285.320108516338 271.821738233238
-41.956212916313916 513.6293994337508
275.4165280537874 422.2015990291203
165.93415393676108 552.0287261113374
-78.29168248297225 159.5778670505656
-55.27871970431971 129.2129392444616
0.7368874009484898 541.4290777666549
269.8516063204667 445.6766781565799
-41.956212916313916 513.6293994337508
-78.29168248297225 159.5778670505656
241.0810233364222 483.2634461194208
-113.3425190029592 406.7301808450764
89.00484124579305 100.8148558444102
109.51563184443455 105.82854246854185
287.95511999667434 370.86023817149277
89.00484124579305 100.8148558444102
210.79658361863844 516.3760136100302
30.552737046093853 99.15489845394791
0.7368874009484898 541.4290777666549
33.02568905410766 554.1625917646621
-78.29168248297225 159.5778670505656
275.4165280537874 422.2015990291203
-65.3151394671957 145.17568567185344
264.33633075897586 226.91373777187783
285.320108516338 271.821738233238
0.7368874009484898 541.4290777666549
-78.29168248297225 159.5778670505656
-30.108129690133865 527.2594955242528
-87.85220713021056 462.1056483648176
259.79766851467514 460.1618574048151
-101.1294648324689 204.71846664823573
285.320108516338 271.821738233238
130.07897657182275 115.27493063014333
89.00484124579305 100.8148558444102
-42.23210451688084 120.72102658237588
-55.27871970431971 129.2129392444616
264.33633075897586 226.91373777187783
-18.33011863561609 534.9793228981283
68.51156869006724 97.27873639943516
286.8616962929091 401.8476499990201
13.017105786184061 98.65691123680926
-95.38645471307547 442.6897803619738
-53.80429614249397 499.9993033432488
150.6072852133798 121.76618443343159
-105.7907533771787 427.6236160270768
49.479598739333824 93.78411588922165
33.02568905410766 554.1625917646621
53.58903378149586 563.6089799262636
-116.60818002825641 254.49926245718353
279.1946094097188 248.01466762768598
-92.53682963166978 190.19178846523891
284.4018652417285 317.5848218523316
97.49818410293261 570.7642166857368
-124.46505742660116 331.0837621647582
109.51563184443455 105.82854246854185
275.4165280537874 422.2015990291203
-113.3425190029592 406.7301808450764
286.8616962929091 401.8476499990201
290.6149545629256 348.7797283536667
188.7938514152557 139.09839570795475
145.54598963852868 557.358009741302
114.96374319118004 565.351935186249
287.95511999667434 370.86023817149277
241.0810233364222 483.2634461194208
129.54173315527368 562.8117901755513
286.8616962929091 401.8476499990201
-30.108129690133865 527.2594955242528
269.8516063204667 445.6766781565799
-95.38645471307547 442.6897803619738
-64.17355872076604 487.888273366665
284.4018652417285 317.5848218523316
-41.956212916313916 513.6293994337508
-110.9556680803579 238.41201922550698
269.8516063204667 445.6766781565799
241.0810233364222 483.2634461194208
-18.33011863561609 534.9793228981283
-65.3151394671957 145.17568567185344
256.8020831761109 207.49786976903403
-124.25484091161417 348.81456831463754
259.79766851467514 460.1618574048151
-18.33011863561609 534.9793228981283
49.479598739333824 93.78411588922165
286.8616962929091 401.8476499990201
-121.15705527247343 363.6732379757268
169.69180929285994 129.6935064811148
-53.80429614249397 499.9993033432488
264.33633075897586 226.91373777187783
-101.1294648324689 204.71846664823573
188.7938514152557 139.09839570795475
235.9584497620734 174.41040674092676
222.66658197381642 162.21637889481985
279.1946094097188 248.01466762768598
-30.108129690133865 527.2594955242528
222.66658197381642 162.21637889481985
210.79658361863844 516.3760136100302
-118.04175159041705 380.0094748159727
282.71282807883347 298.334949588534
285.320108516338 271.821738233238
279.1946094097188 248.01466762768598
-8.849879159956402 102.46712875285573
-27.724186724449567 112.27061285505181
246.36274842617655 189.4765710758238
-83.96171247378635 174.18754310308555
180.37199955753007 537.6680436673868
241.0810233364222 483.2634461194208
-105.7907533771787 427.6236160270768
256.8020831761109 207.49786976903403
165.93415393676108 552.0287261113374
0.7368874009484898 541.4290777666549
282.71282807883347 298.334949588534
-41.956212916313916 513.6293994337508
-126.17161263241172 310.356322721804
259.79766851467514 460.1618574048151
-30.108129690133865 527.2594955242528
-83.96171247378635 174.18754310308555
53.58903378149586 563.6089799262636
97.49818410293261 570.7642166857368
30.552737046093853 99.15489845394791
75.56112698512982 568.6641654851568
68.51156869006724 97.27873639943516
-64.17355872076604 487.888273366665
286.8616962929091 401.8476499990201
109.51563184443455 105.82854246854185
-120.76435328533137 273.58313898193484
97.49818410293261 570.7642166857368
-110.9556680803579 238.41201922550698
246.36274842617655 189.4765710758238
-105.7907533771787 427.6236160270768
30.552737046093853 99.15489845394791
-53.80429614249397 499.9993033432488
286.8616962929091 401.8476499990201
-65.3151394671957 145.17568567185344
150.6072852133798 121.76618443343159
233.89713661186886 493.39892169970926
-118.04175159041705 380.0094748159727
-113.3425190029592 406.7301808450764
-41.956212916313916 513.6293994337508
-92.53682963166978 190.19178846523891
222.66658197381642 162.21637889481985
-113.3425190029592 406.7301808450764
210.79658361863844 516.3760136100302
150.6072852133798 121.76618443343159
-124.25484091161417 348.81456831463754
130.07897657182275 115.27493063014333
287.95511999667434 370.86023817149277
285.320108516338 271.821738233238
235.9584497620734 174.41040674092676
13.017105786184061 98.65691123680926
145.54598963852868 557.358009741302
-55.27871970431971 129.2129392444616
-120.76435328533137 273.58313898193484
285.320108516338 271.821738233238
256.8020831761109 207.49786976903403
-118.04175159041705 380.0094748159727
287.95511999667434 370.86023817149277
180.37199955753007 537.6680436673868
169.69180929285994 129.6935064811148
-105.7907533771787 427.6236160270768
275.4165280537874 422.2015990291203
-123.4767419803294 291.2309472622911
-124.46505742660116 331.0837621647582
290.6149545629256 348.7797283536667
235.9584497620734 174.41040674092676
-83.96171247378635 174.18754310308555
241.0810233364222 483.2634461194208
-78.97928324276216 471.22004504832665
205.0083244134976 151.37542142358484
241.0810233364222 483.2634461194208
-123.4767419803294 291.2309472622911
-8.849879159956402 102.46712875285573
-95.38645471307547 442.6897803619738
-78.97928324276216 471.22004504832665
284.4018652417285 317.5848218523316
275.4165280537874 422.2015990291203
49.479598739333824 93.78411588922165
-27.724186724449567 112.27061285505181
129.54173315527368 562.8117901755513
165.93415393676108 552.0287261113374
233.89713661186886 493.39892169970926
97.49818410293261 570.7642166857368
89.00484124579305 100.8148558444102
-87.85220713021056 462.1056483648176
97.49818410293261 570.7642166857368
-42.23210451688084 120.72102658237588
-78.29168248297225 159.5778670505656
246.36274842617655 189.4765710758238
-55.27871970431971 129.2129392444616
109.51563184443455 105.82854246854185
210.79658361863844 516.3760136100302
49.479598739333824 93.78411588922165
53.58903378149586 563.6089799262636
-27.724186724449567 112.27061285505181
-42.23210451688084 120.72102658237588
-64.17355872076604 487.888273366665
30.552737046093853 99.15489845394791
109.51563184443455 105.82854246854185
114.96374319118004 565.351935186249
130.07897657182275 115.27493063014333
210.79658361863844 516.3760136100302
68.51156869006724 97.27873639943516
33.02568905410766 554.1625917646621
75.56112698512982 568.6641654851568
114.96374319118004 565.351935186249
13.017105786184061 98.65691123680926
97.49818410293261 570.7642166857368
275.4165280537874 422.2015990291203
-110.9556680803579 238.41201922550698
180.37199955753007 537.6680436673868
-92.53682963166978 190.19178846523891
-108.24327938535993 220.76421094515075
256.8020831761109 207.49786976903403
-101.1294648324689 204.71846664823573
233.89713661186886 493.39892169970926
-113.3425190029592 406.7301808450764
-105.7907533771787 427.6236160270768
279.1946094097188 248.01466762768598
180.37199955753007 537.6680436673868
-8.849879159956402 102.46712875285573
114.96374319118004 565.351935186249
285.320108516338 271.821738233238
-83.96171247378635 174.18754310308555
33.02568905410766 554.1625917646621
150.6072852133798 121.76618443343159
235.9584497620734 174.41040674092676
-65.3151394671957 145.17568567185344
129.54173315527368 562.8117901755513
-18.33011863561609 534.9793228981283
-41.956212916313916 513.6293994337508
150.6072852133798 121.76618443343159
-124.46505742660116 331.0837621647582
-121.15705527247343 363.6732379757268
282.71282807883347 298.334949588534
-18.33011863561609 534.9793228981283
130.07897657182275 115.27493063014333
33.02568905410766 554.1625917646621
-120.76435328533137 273.58313898193484
13.017105786184061 98.65691123680926
49.479598739333824 93.78411588922165
89.00484124579305 100.8148558444102
75.56112698512982 568.6641654851568
-42.23210451688084 120.72102658237588
256.8020831761109 207.49786976903403
-121.15705527247343 363.6732379757268
285.320108516338 271.821738233238
-116.60818002825641 254.49926245718353
-64.17355872076604 487.888273366665
-53.80429614249397 499.9993033432488
205.0083244134976 151.37542142358484
269.8516063204667 445.6766781565799
286.8616962929091 401.8476499990201
259.79766851467514 460.1618574048151
275.4165280537874 422.2015990291203
0.7368874009484898 541.4290777666549
109.51563184443455 105.82854246854185
-113.3425190029592 406.7301808450764
-95.38645471307547 442.6897803619738
-118.04175159041705 380.0094748159727
284.4018652417285 317.5848218523316
145.54598963852868 557.358009741302
286.8616962929091 401.8476499990201
0.7368874009484898 541.4290777666549
13.017105786184061 98.65691123680926
165.93415393676108 552.0287261113374
269.8516063204667 445.6766781565799
-120.76435328533137 273.58313898193484
241.0810233364222 483.2634461194208
-41.956212916313916 513.6293994337508
188.7938514152557 139.09839570795475
-64.17355872076604 487.888273366665
-113.3425190029592 406.7301808450764
180.37199955753007 537.6680436673868
150.6072852133798 121.76618443343159
290.6149545629256 348.7797283536667
-83.96171247378635 174.18754310308555
-120.76435328533137 273.58313898193484
256.8020831761109 207.49786976903403
246.36274842617655 189.4765710758238
235.9584497620734 174.41040674092676
-95.38645471307547 442.6897803619738
275.4165280537874 422.2015990291203
210.79658361863844 516.3760136100302
-123.4767419803294 291.2309472622911
169.69180929285994 129.6935064811148
-92.53682963166978 190.19178846523891
233.89713661186886 493.39892169970926
264.33633075897586 226.91373777187783
-27.724186724449567 112.27061285505181
68.51156869006724 97.27873639943516
-124.46505742660116 331.0837621647582
0.7368874009484898 541.4290777666549
287.95511999667434 370.86023817149277
-116.60818002825641 254.49926245718353
256.8020831761109 207.49786976903403
279.1946094097188 248.01466762768598
-95.38645471307547 442.6897803619738
264.33633075897586 226.91373777187783
-118.04175159041705 380.0094748159727
241.0810233364222 483.2634461194208
-126.17161263241172 310.356322721804
114.96374319118004 565.351935186249
-65.3151394671957 145.17568567185344
165.93415393676108 552.0287261113374
-55.27871970431971 129.2129392444616
-116.60818002825641 254.49926245718353
0.7368874009484898 541.4290777666549
259.79766851467514 460.1618574048151
287.95511999667434 370.86023817149277
-65.3151394671957 145.17568567185344
205.0083244134976 151.37542142358484
-41.956212916313916 513.6293994337508
-124.25484091161417 348.81456831463754
-30.108129690133865 527.2594955242528
-18.33011863561609 534.9793228981283
109.51563184443455 105.82854246854185
290.6149545629256 348.7797283536667
114.96374319118004 565.351935186249
97.49818410293261 570.7642166857368
49.479598739333824 93.78411588922165
-64.17355872076604 487.888273366665
-78.97928324276216 471.22004504832665
246.36274842617655 189.4765710758238
-101.1294648324689 204.71846664823573
-30.108129690133865 527.2594955242528
49.479598739333824 93.78411588922165
-123.4767419803294 291.2309472622911
150.6072852133798 121.76618443343159
109.51563184443455 105.82854246854185
33.02568905410766 554.1625917646621
-101.1294648324689 204.71846664823573
269.8516063204667 445.6766781565799
-116.60818002825641 254.49926245718353
165.93415393676108 552.0287261113374
68.51156869006724 97.27873639943516
13.017105786184061 98.65691123680926
-65.3151394671957 145.17568567185344
285.320108516338 271.821738233238
-8.849879159956402 102.46712875285573
145.54598963852868 557.358009741302
53.58903378149586 563.6089799262636
75.56112698512982 568.6641654851568
130.07897657182275 115.27493063014333
-105.7907533771787 427.6236160270768
-87.85220713021056 462.1056483648176
-120.76435328533137 273.58313898193484
246.36274842617655 189.4765710758238
264.33633075897586 226.91373777187783
-124.25484091161417 348.81456831463754
210.79658361863844 516.3760136100302
233.89713661186886 493.39892169970926
-108.24327938535993 220.76421094515075
-41.956212916313916 513.6293994337508
-30.108129690133865 527.2594955242528
188.7938514152557 139.09839570795475
89.00484124579305 100.8148558444102
235.9584497620734 174.41040674092676
-126.17161263241172 310.356322721804
109.51563184443455 105.82854246854185
-118.04175159041705 380.0094748159727
145.54598963852868 557.358009741302
68.51156869006724 97.27873639943516
53.58903378149586 563.6089799262636
-101.1294648324689 204.71846664823573
165.93415393676108 552.0287261113374
210.79658361863844 516.3760136100302
188.7938514152557 139.09839570795475
256.8020831761109 207.49786976903403
-53.80429614249397 499.9993033432488
284.4018652417285 317.5848218523316
-101.1294648324689 204.71846664823573
0.7368874009484898 541.4290777666549
-18.33011863561609 534.9793228981283
53.58903378149586 563.6089799262636
-110.9556680803579 238.41201922550698
241.0810233364222 483.2634461194208
-121.15705527247343 363.6732379757268
-105.7907533771787 427.6236160270768
287.95511999667434 370.86023817149277
275.4165280537874 422.2015990291203
150.6072852133798 121.76618443343159
287.95511999667434 370.86023817149277
-121.15705527247343 363.6732379757268
279.1946094097188 248.01466762768598
282.71282807883347 298.334949588534
129.54173315527368 562.8117901755513
222.66658197381642 162.21637889481985
205.0083244134976 151.37542142358484
233.89713661186886 493.39892169970926
-123.4767419803294 291.2309472622911
-64.17355872076604 487.888273366665
-65.3151394671957 145.17568567185344
-83.96171247378635 174.18754310308555
130.07897657182275 115.27493063014333
97.49818410293261 570.7642166857368
68.51156869006724 97.27873639943516
-105.7907533771787 427.6236160270768
-8.849879159956402 102.46712875285573
-55.27871970431971 129.2129392444616
256.8020831761109 207.49786976903403
275.4165280537874 422.2015990291203
-30.108129690133865 527.2594955242528
282.71282807883347 298.334949588534
264.33633075897586 226.91373777187783
-8.849879159956402 102.46712875285573
-65.3151394671957 145.17568567185344
180.37199955753007 537.6680436673868
30.552737046093853 99.15489845394791
145.54598963852868 557.358009741302
180.37199955753007 537.6680436673868
-42.23210451688084 120.72102658237588
165.93415393676108 552.0287261113374
-110.9556680803579 238.41201922550698
-53.80429614249397 499.9993033432488
241.0810233364222 483.2634461194208
0.7368874009484898 541.4290777666549
169.69180929285994 129.6935064811148
-41.956212916313916 513.6293994337508
53.58903378149586 563.6089799262636
109.51563184443455 105.82854246854185
285.320108516338 271.821738233238
-55.27871970431971 129.2129392444616
235.9584497620734 174.41040674092676
-92.53682963166978 190.19178846523891
287.95511999667434 370.86023817149277
-113.3425190029592 406.7301808450764
235.9584497620734 174.41040674092676
97.49818410293261 570.7642166857368
180.37199955753007 537.6680436673868
275.4165280537874 422.2015990291203
286.8616962929091 401.8476499990201
-101.1294648324689 204.71846664823573
-116.60818002825641 254.49926245718353
264.33633075897586 226.91373777187783
-30.108129690133865 527.2594955242528
13.017105786184061 98.65691123680926
129.54173315527368 562.8117901755513
89.00484124579305 100.8148558444102
145.54598963852868 557.358009741302
222.66658197381642 162.21637889481985
285.320108516338 271.821738233238
290.6149545629256 348.7797283536667
-123.4767419803294 291.2309472622911
286.8616962929091 401.8476499990201
-18.33011863561609 534.9793228981283
269.8516063204667 445.6766781565799
169.69180929285994 129.6935064811148
130.07897657182275 115.27493063014333
-118.04175159041705 380.0094748159727
30.552737046093853 99.15489845394791
114.96374319118004 565.351935186249
68.51156869006724 97.27873639943516
-110.9556680803579 238.41201922550698
33.02568905410766 554.1625917646621
-30.108129690133865 527.2594955242528
-65.3151394671957 145.17568567185344
-87.85220713021056 462.1056483648176
-121.15705527247343 363.6732379757268
210.79658361863844 516.3760136100302
-120.76435328533137 273.58313898193484
-124.25484091161417 348.81456831463754
-113.3425190029592 406.7301808450764
282.71282807883347 298.334949588534
-95.38645471307547 442.6897803619738
290.6149545629256 348.7797283536667
145.54598963852868 557.358009741302
-101.1294648324689 204.71846664823573
235.9584497620734 174.41040674092676
222.66658197381642 162.21637889481985
-124.25484091161417 348.81456831463754
-64.17355872076604 487.888273366665
205.0083244134976 151.37542142358484
-124.46505742660116 331.0837621647582
233.89713661186886 493.39892169970926
259.79766851467514 460.1618574048151
-123.4767419803294 291.2309472622911
246.36274842617655 189.4765710758238
-126.17161263241172 310.356322721804
180.37199955753007 537.6680436673868
13.017105786184061 98.65691123680926
-8.849879159956402 102.46712875285573
0.7368874009484898 541.4290777666549
-83.96171247378635 174.18754310308555
282.71282807883347 298.334949588534
-53.80429614249397 499.9993033432488
222.66658197381642 162.21637889481985
30.552737046093853 99.15489845394791
129.54173315527368 562.8117901755513
97.49818410293261 570.7642166857368
-78.29168248297225 159.5778670505656
13.017105786184061 98.65691123680926
-41.956212916313916 513.6293994337508
-120.76435328533137 273.58313898193484
68.51156869006724 97.27873639943516
129.54173315527368 562.8117901755513
109.51563184443455 105.82854246854185
130.07897657182275 115.27493063014333
53.58903378149586 563.6089799262636
241.0810233364222 483.2634461194208
264.33633075897586 226.91373777187783
269.8516063204667 445.6766781565799
246.36274842617655 189.4765710758238
75.56112698512982 568.6641654851568
165.93415393676108 552.0287261113374
49.479598739333824 93.78411588922165
75.56112698512982 568.6641654851568
-92.53682963166978 190.19178846523891
-53.80429614249397 499.9993033432488
-124.25484091161417 348.81456831463754
49.479598739333824 93.78411588922165
-78.97928324276216 471.22004504832665
290.6149545629256 348.7797283536667
-101.1294648324689 204.71846664823573
-78.29168248297225 159.5778670505656
235.9584497620734 174.41040674092676
210.79658361863844 516.3760136100302
180.37199955753007 537.6680436673868
-78.29168248297225 159.5778670505656
114.96374319118004 565.351935186249
145.54598963852868 557.358009741302
-110.9556680803579 238.41201922550698
256.8020831761109 207.49786976903403
180.37199955753007 537.6680436673868
-55.27871970431971 129.2129392444616
114.96374319118004 565.351935186249
89.00484124579305 100.8148558444102
-124.46505742660116 331.0837621647582
269.8516063204667 445.6766781565799
-121.15705527247343 363.6732379757268
275.4165280537874 422.2015990291203
-116.60818002825641 254.49926245718353
246.36274842617655 189.4765710758238
53.58903378149586 563.6089799262636
188.7938514152557 139.09839570795475
169.69180929285994 129.6935064811148
233.89713661186886 493.39892169970926
-116.60818002825641 254.49926245718353
259.79766851467514 460.1618574048151
286.8616962929091 401.8476499990201
-108.24327938535993 220.76421094515075
264.33633075897586 226.91373777187783
-124.46505742660116 331.0837621647582
33.02568905410766 554.1625917646621
169.69180929285994 129.6935064811148
-64.17355872076604 487.888273366665
-41.956212916313916 513.6293994337508
222.66658197381642 162.21637889481985
150.6072852133798 121.76618443343159
97.49818410293261 570.7642166857368
-55.27871970431971 129.2129392444616
68.51156869006724 97.27873639943516
285.320108516338 271.821738233238
-110.9556680803579 238.41201922550698
129.54173315527368 562.8117901755513
-124.46505742660116 331.0837621647582
180.37199955753007 537.6680436673868
-123.4767419803294 291.2309472622911
-53.80429614249397 499.9993033432488
-113.3425190029592 406.7301808450764
284.4018652417285 317.5848218523316
-27.724186724449567 112.27061285505181
210.79658361863844 516.3760136100302
-8.849879159956402 102.46712875285573
-27.724186724449567 112.27061285505181
180.37199955753007 537.6680436673868
205.0083244134976 151.37542142358484
-83.96171247378635 174.18754310308555
275.4165280537874 422.2015990291203
-101.1294648324689 204.71846664823573
222.66658197381642 162.21637889481985
188.7938514152557 139.09839570795475
286.8616962929091 401.8476499990201
-124.46505742660116 331.0837621647582
222.66658197381642 162.21637889481985
-118.04175159041705 380.0094748159727
89.00484124579305 100.8148558444102
109.51563184443455 105.82854246854185
233.89713661186886 493.39892169970926
-124.25484091161417 348.81456831463754
165.93415393676108 552.0287261113374
-120.76435328533137 273.58313898193484
53.58903378149586 563.6089799262636
222.66658197381642 162.21637889481985
165.93415393676108 552.0287261113374
279.1946094097188 248.01466762768598
-124.46505742660116 331.0837621647582
235.9584497620734 174.41040674092676
-78.97928324276216 471.22004504832665
279.1946094097188 248.01466762768598
205.0083244134976 151.37542142358484
-118.04175159041705 380.0094748159727
165.93415393676108 552.0287261113374
-124.46505742660116 331.0837621647582
-87.85220713021056 462.1056483648176
-30.108129690133865 527.2594955242528
287.95511999667434 370.86023817149277
-18.33011863561609 534.9793228981283
-108.24327938535993 220.76421094515075
-55.27871970431971 129.2129392444616
-64.17355872076604 487.888273366665
259.79766851467514 460.1618574048151
-78.29168248297225 159.5778670505656
145.54598963852868 557.358009741302
49.479598739333824 93.78411588922165
114.96374319118004 565.351935186249
33.02568905410766 554.1625917646621
89.00484124579305 100.8148558444102
-124.25484091161417 348.81456831463754
284.4018652417285 317.5848218523316
-42.23210451688084 120.72102658237588
233.89713661186886 493.39892169970926
-27.724186724449567 112.27061285505181
285.320108516338 271.821738233238
180.37199955753007 537.6680436673868
222.66658197381642 162.21637889481985
-83.96171247378635 174.18754310308555
75.56112698512982 568.6641654851568
97.49818410293261 570.7642166857368
282.71282807883347 298.334949588534
-105.7907533771787 427.6236160270768
13.017105786184061 98.65691123680926
-27.724186724449567 112.27061285505181
-65.3151394671957 145.17568567185344
284.4018652417285 317.5848218523316
33.02568905410766 554.1625917646621
188.7938514152557 139.09839570795475
246.36274842617655 189.4765710758238
-124.46505742660116 331.0837621647582
210.79658361863844 516.3760136100302
269.8516063204667 445.6766781565799
-126.17161263241172 310.356322721804
68.51156869006724 97.27873639943516
-113.3425190029592 406.7301808450764
-87.85220713021056 462.1056483648176
33.02568905410766 554.1625917646621
-108.24327938535993 220.76421094515075
-116.60818002825641 254.49926245718353
33.02568905410766 554.1625917646621
-92.53682963166978 190.19178846523891
241.0810233364222 483.2634461194208
-124.25484091161417 348.81456831463754
180.37199955753007 537.6680436673868
-108.24327938535993 220.76421094515075
259.79766851467514 460.1618574048151
256.8020831761109 207.49786976903403
-123.4767419803294 291.2309472622911
205.0083244134976 151.37542142358484
-78.29168248297225 159.5778670505656
-65.3151394671957 145.17568567185344
